100 100
 7.144 7.633 8.289 9.143 10.240 9.433 7.475 5.853 4.513 3.408 2.508 1.468 0.371 -0.596 -2.213 -3.773 -6.100 -9.141 -12.093 -15.542 -19.993 -24.081 -28.764 -32.739 -35.374 -36.747 -38.907 -41.551 -43.813 -45.047 -46.674 -47.053 -47.160 -46.213 -45.144 -43.327 -40.827 -37.788 -34.379 -29.999 -25.314 -20.519 -15.830 -11.842 -9.192 -8.246 -9.070 -10.795 -12.556 -14.176 -14.629 -14.881 -15.265 -15.596 -15.874 -16.093 -16.239 -16.260 -15.926 -14.918 -13.747 -12.823 -11.856 -10.862 -10.514 -10.263 -10.004 -9.645 -9.244 -8.860 -8.506 -8.657 -9.176 -9.849 -10.534 -11.183 -11.710 -11.967 -11.854 -11.457 -10.903 -10.263 -9.566 -8.840 -8.817 -8.755 -8.652 -8.509 -8.322 -8.090 -7.812 -7.598 -8.003 -8.360 -8.459 -8.339 -8.173 -7.962 -7.709 -7.417
 4.924 5.317 5.830 6.417 6.803 5.553 3.824 2.368 1.154 0.141 -0.691 -1.351 -1.845 -3.485 -5.251 -6.864 -8.316 -10.940 -14.087 -18.311 -23.996 -29.194 -33.553 -36.580 -39.411 -41.106 -43.860 -46.659 -50.087 -52.562 -53.692 -54.356 -53.180 -50.753 -49.471 -47.405 -44.535 -41.087 -37.324 -32.887 -27.977 -23.005 -18.071 -13.971 -10.629 -8.980 -8.421 -10.033 -11.840 -13.639 -15.445 -16.265 -16.652 -16.989 -17.277 -17.515 -17.705 -17.848 -17.943 -16.472 -14.956 -13.415 -12.407 -11.381 -11.092 -10.817 -10.532 -10.244 -9.843 -9.431 -9.351 -9.678 -10.062 -10.494 -11.088 -11.903 -12.656 -13.097 -12.885 -12.345 -11.709 -11.027 -10.312 -9.565 -9.544 -9.488 -9.394 -9.259 -9.081 -8.856 -8.583 -8.289 -8.698 -9.057 -9.230 -9.102 -8.926 -8.702 -8.435 -8.125
 2.561 2.807 3.105 3.362 2.997 1.322 -0.051 -1.199 -2.214 -3.094 -3.831 -4.419 -5.755 -7.023 -8.135 -9.773 -11.282 -13.666 -16.415 -22.865 -28.670 -33.546 -36.904 -40.438 -43.549 -45.331 -48.184 -51.724 -55.460 -58.430 -60.414 -61.374 -59.454 -56.484 -53.543 -50.904 -47.571 -43.651 -39.563 -35.084 -30.006 -24.908 -19.813 -15.637 -11.798 -9.934 -9.281 -9.893 -11.645 -13.573 -15.422 -17.264 -17.924 -18.243 -18.505 -18.705 -18.828 -18.822 -18.458 -17.415 -16.015 -14.490 -12.895 -11.788 -11.525 -11.239 -10.936 -10.621 -10.308 -9.911 -10.164 -10.492 -10.910 -11.404 -11.937 -12.483 -13.259 -14.206 -13.576 -12.934 -12.276 -11.598 -10.896 -10.181 -10.179 -10.143 -10.068 -9.950 -9.787 -9.576 -9.313 -8.997 -9.412 -9.772 -10.001 -9.864 -9.675 -9.438 -9.153 -8.826
 0.124 0.230 0.354 0.419 -0.943 -2.920 -3.758 -4.635 -5.473 -6.226 -6.865 -8.156 -9.566 -10.797 -11.841 -12.703 -13.952 -17.031 -21.146 -27.277 -32.655 -36.494 -40.429 -44.044 -47.076 -49.036 -52.459 -55.903 -59.644 -62.903 -65.328 -66.040 -64.219 -60.864 -57.708 -54.377 -49.450 -45.196 -40.938 -36.497 -31.343 -26.189 -21.032 -16.824 -12.692 -10.758 -10.563 -11.304 -12.284 -13.664 -15.369 -17.239 -19.087 -19.367 -19.575 -19.695 -19.696 -19.504 -18.991 -18.068 -16.825 -15.393 -13.846 -12.218 -11.825 -11.543 -11.229 -10.891 -10.538 -10.593 -10.792 -11.092 -11.536 -12.077 -12.644 -13.183 -13.623 -13.731 -13.602 -13.138 -12.574 -11.960 -11.309 -10.683 -10.719 -10.715 -10.670 -10.580 -10.441 -10.249 -10.001 -9.724 -10.143 -10.503 -10.770 -10.623 -10.421 -10.167 -9.864 -9.516
 -2.325 -2.323 -2.290 -2.514 -4.251 -5.815 -6.916 -7.773 -8.529 -9.191 -10.294 -11.823 -13.193 -14.383 -15.369 -16.134 -17.191 -20.877 -24.949 -30.768 -34.740 -39.260 -43.350 -47.061 -50.044 -52.586 -55.935 -59.021 -62.628 -65.789 -68.445 -70.134 -67.129 -63.350 -59.721 -55.496 -50.063 -45.538 -41.372 -37.085 -31.962 -26.833 -21.717 -17.524 -13.469 -12.084 -12.016 -12.760 -13.453 -14.276 -15.598 -17.188 -19.044 -20.381 -20.522 -20.552 -20.438 -20.123 -19.542 -18.662 -17.517 -16.175 -14.691 -13.102 -12.098 -11.745 -11.431 -11.078 -10.820 -11.100 -11.265 -11.483 -11.974 -12.567 -13.129 -13.598 -13.893 -13.876 -13.453 -13.050 -12.636 -12.129 -11.560 -11.076 -11.165 -11.208 -11.204 -11.149 -11.041 -10.875 -10.649 -10.470 -10.893 -11.252 -11.538 -11.379 -11.162 -10.889 -10.565 -10.195
 -4.747 -4.811 -4.808 -5.562 -7.187 -8.607 -9.736 -10.624 -11.350 -12.153 -13.782 -15.274 -16.614 -17.776 -18.718 -19.379 -21.725 -24.602 -28.196 -33.763 -37.760 -41.406 -45.679 -49.497 -52.892 -55.441 -58.506 -61.195 -64.403 -67.094 -68.986 -69.260 -67.557 -63.980 -60.097 -55.692 -50.498 -44.829 -40.920 -36.874 -31.881 -26.852 -21.877 -18.014 -14.445 -13.296 -13.409 -14.153 -14.839 -15.103 -16.567 -18.117 -19.856 -21.813 -22.507 -22.488 -22.252 -21.762 -20.983 -19.900 -18.534 -16.921 -15.467 -13.925 -12.804 -11.867 -11.566 -11.211 -11.273 -11.525 -11.712 -11.678 -12.364 -12.976 -13.493 -13.880 -14.026 -13.622 -12.978 -12.129 -11.397 -10.869 -10.312 -9.986 -10.167 -10.350 -10.534 -10.716 -10.891 -11.055 -11.203 -11.235 -11.662 -12.018 -12.304 -12.132 -11.896 -11.602 -11.254 -10.859
 -7.128 -7.235 -7.235 -8.388 -9.938 -11.280 -12.380 -13.256 -13.947 -15.422 -17.012 -18.471 -19.795 -20.962 -21.923 -23.773 -26.170 -28.277 -32.123 -36.430 -40.443 -43.767 -47.473 -51.936 -55.108 -57.644 -60.162 -62.618 -65.154 -67.194 -68.213 -67.805 -66.000 -63.221 -58.928 -54.161 -48.806 -43.022 -38.035 -34.147 -29.326 -24.513 -20.236 -16.959 -14.049 -13.651 -14.425 -15.736 -16.880 -17.518 -18.272 -19.829 -21.246 -22.902 -24.466 -24.381 -24.075 -23.526 -22.711 -21.626 -20.282 -18.702 -16.917 -14.954 -13.422 -12.483 -11.650 -11.369 -11.696 -11.974 -12.230 -12.480 -12.898 -13.388 -13.302 -13.139 -12.855 -12.414 -11.798 -11.026 -10.134 -9.383 -8.920 -8.813 -9.067 -9.317 -9.563 -9.804 -10.034 -10.249 -10.442 -11.048 -11.939 -12.801 -13.068 -12.880 -12.623 -12.304 -11.930 -11.506
 -9.464 -9.604 -9.602 -11.041 -12.540 -13.822 -14.871 -15.698 -16.732 -18.413 -19.952 -21.372 -22.684 -23.885 -24.945 -28.118 -30.903 -33.518 -36.515 -39.171 -42.727 -45.990 -49.099 -53.569 -56.733 -59.262 -61.091 -63.312 -65.134 -66.465 -66.727 -65.510 -62.853 -60.194 -55.661 -50.990 -45.797 -40.223 -34.398 -30.760 -26.177 -21.897 -18.180 -15.065 -12.729 -13.003 -14.734 -16.561 -18.338 -19.638 -20.382 -21.541 -22.953 -24.199 -25.811 -26.248 -25.890 -25.296 -24.454 -23.361 -22.026 -20.466 -18.702 -16.758 -14.712 -13.200 -12.040 -11.718 -12.085 -12.416 -12.746 -12.992 -12.489 -12.107 -11.764 -11.404 -10.989 -10.493 -9.905 -9.233 -8.497 -7.723 -7.183 -7.518 -7.898 -8.220 -8.535 -8.841 -9.134 -9.406 -9.650 -10.540 -11.452 -12.327 -13.130 -13.541 -13.340 -12.992 -12.587 -12.132
 -11.755 -11.929 -11.930 -13.539 -14.998 -16.223 -17.206 -17.954 -19.509 -21.109 -22.566 -23.920 -25.201 -26.430 -28.505 -32.032 -35.414 -38.928 -40.501 -41.935 -44.424 -47.648 -51.204 -54.517 -57.800 -60.307 -61.786 -63.328 -64.476 -64.846 -63.749 -61.626 -58.554 -56.106 -51.814 -47.214 -42.156 -36.769 -31.158 -26.847 -22.795 -19.017 -15.707 -12.780 -12.053 -13.318 -15.234 -17.106 -18.920 -20.353 -21.627 -22.979 -24.677 -25.911 -26.974 -28.100 -27.703 -27.074 -26.209 -25.105 -23.771 -22.219 -20.468 -18.537 -16.447 -14.676 -13.021 -12.078 -12.420 -12.585 -12.071 -11.548 -11.011 -10.501 -10.036 -9.575 -9.087 -8.551 -7.960 -7.316 -6.631 -5.922 -5.203 -5.551 -6.189 -6.853 -7.453 -7.830 -8.192 -8.528 -9.079 -10.056 -10.991 -11.878 -12.643 -13.053 -13.426 -13.662 -13.222 -12.732
 -13.998 -14.211 -14.223 -15.883 -17.305 -18.474 -19.377 -20.336 -22.010 -23.483 -24.813 -26.056 -27.261 -28.462 -31.288 -35.026 -39.330 -43.908 -43.442 -43.666 -45.927 -48.920 -52.414 -54.820 -58.297 -60.784 -62.167 -62.846 -62.591 -61.659 -59.991 -57.416 -53.984 -51.575 -47.719 -42.912 -37.955 -32.735 -27.335 -22.646 -19.220 -15.714 -12.871 -10.801 -11.960 -13.731 -15.700 -17.616 -19.469 -20.996 -22.300 -23.500 -25.543 -27.655 -28.685 -29.800 -29.514 -28.859 -27.972 -26.855 -25.515 -23.965 -22.218 -20.294 -18.211 -16.073 -14.460 -13.230 -11.881 -11.192 -10.553 -9.986 -9.438 -8.827 -8.260 -7.709 -7.153 -6.577 -5.974 -5.346 -4.698 -4.041 -3.612 -3.689 -4.255 -5.006 -5.782 -6.578 -7.208 -7.617 -8.585 -9.597 -10.555 -11.455 -12.162 -12.566 -12.927 -13.255 -13.562 -13.300
 -16.186 -16.444 -16.475 -18.061 -19.449 -20.561 -21.376 -22.700 -24.219 -25.510 -26.653 -27.728 -28.792 -29.881 -33.126 -36.935 -41.288 -44.312 -44.717 -44.988 -46.526 -49.472 -52.384 -54.782 -58.037 -60.782 -62.021 -61.488 -59.739 -58.053 -55.851 -52.855 -49.182 -46.652 -43.225 -38.134 -33.242 -28.174 -22.989 -18.398 -15.278 -12.141 -10.447 -10.528 -12.052 -14.119 -16.140 -18.101 -19.993 -21.633 -22.969 -24.198 -25.787 -28.055 -30.135 -31.266 -31.325 -30.646 -29.740 -28.608 -27.258 -25.701 -23.951 -22.026 -19.944 -17.723 -15.536 -13.562 -11.203 -9.625 -8.954 -8.335 -7.776 -7.079 -6.424 -5.794 -5.176 -4.560 -3.940 -3.318 -2.696 -2.082 -1.963 -2.097 -2.272 -3.109 -3.979 -4.871 -5.775 -7.004 -8.108 -9.161 -10.147 -11.058 -11.685 -12.077 -12.420 -12.728 -13.016 -13.293
 -18.304 -18.616 -18.667 -20.049 -21.404 -22.465 -23.194 -24.809 -26.122 -27.159 -28.045 -28.889 -29.757 -30.668 -34.032 -38.022 -42.008 -44.319 -45.079 -45.223 -46.369 -49.118 -51.237 -53.851 -56.925 -59.698 -60.816 -59.718 -57.120 -53.920 -51.265 -47.912 -44.146 -41.397 -37.982 -32.967 -28.046 -23.126 -18.603 -13.843 -11.043 -9.161 -8.781 -10.196 -12.368 -14.494 -16.563 -18.567 -20.498 -22.268 -23.641 -24.904 -26.096 -28.405 -30.557 -32.536 -33.132 -32.434 -31.508 -30.358 -28.993 -27.423 -25.663 -23.729 -21.535 -18.860 -15.800 -13.244 -10.812 -8.647 -7.282 -6.608 -5.980 -5.257 -4.523 -3.822 -3.146 -2.489 -1.849 -1.226 -0.623 -0.104 -0.253 -0.439 -0.663 -1.161 -2.125 -3.120 -4.298 -5.924 -7.539 -8.749 -9.767 -10.686 -11.210 -11.580 -11.896 -12.178 -12.443 -12.702
 -20.335 -20.706 -20.766 -21.803 -23.120 -24.149 -25.134 -26.664 -27.701 -28.388 -28.936 -29.500 -30.144 -30.859 -34.264 -38.274 -42.032 -43.906 -44.823 -45.330 -46.394 -47.250 -49.180 -51.767 -54.019 -56.273 -58.635 -55.633 -52.241 -48.512 -44.851 -40.921 -37.396 -34.687 -31.587 -27.221 -22.381 -17.796 -13.808 -9.064 -7.445 -7.159 -8.301 -10.451 -12.688 -14.865 -16.977 -19.019 -20.985 -22.869 -24.318 -25.621 -26.793 -28.831 -31.023 -33.038 -34.440 -34.217 -33.272 -32.101 -30.716 -29.126 -27.348 -25.257 -22.666 -19.206 -15.981 -12.941 -10.312 -7.769 -6.010 -4.812 -4.116 -3.363 -2.555 -1.787 -1.055 -0.357 0.306 0.936 1.527 1.703 1.522 1.291 1.008 0.675 -0.215 -1.428 -3.124 -4.847 -6.560 -8.218 -9.416 -10.304 -10.730 -11.065 -11.344 -11.594 -11.834 -12.075
 -22.248 -22.688 -22.722 -23.245 -24.503 -25.531 -26.853 -28.272 -28.927 -29.119 -29.245 -29.510 -29.950 -30.506 -33.994 -37.850 -41.478 -43.065 -44.063 -45.048 -45.394 -45.422 -46.350 -47.164 -47.712 -49.611 -50.526 -48.994 -46.018 -42.357 -38.704 -34.522 -30.854 -27.640 -24.194 -19.888 -14.925 -11.775 -9.136 -5.327 -4.953 -6.110 -8.383 -10.737 -13.027 -15.245 -17.388 -19.458 -21.456 -23.376 -24.998 -26.349 -27.566 -29.337 -31.573 -33.624 -35.290 -35.426 -35.025 -33.830 -32.418 -30.803 -28.893 -26.396 -23.064 -19.296 -16.105 -12.999 -9.873 -7.064 -4.885 -3.110 -2.190 -1.399 -0.519 0.315 1.103 1.843 2.534 3.174 3.714 3.574 3.368 3.097 2.761 2.361 1.595 -0.127 -1.919 -3.754 -5.588 -7.357 -8.988 -9.849 -10.232 -10.512 -10.743 -10.958 -11.174 -11.401
 -23.987 -24.540 -24.449 -24.246 -25.395 -26.430 -28.176 -29.660 -29.687 -29.180 -28.844 -28.861 -29.182 -29.663 -33.070 -36.834 -40.388 -41.803 -42.822 -43.513 -43.835 -43.242 -41.754 -40.194 -40.208 -41.875 -42.384 -41.349 -38.984 -35.656 -32.184 -28.063 -25.155 -22.106 -18.679 -14.503 -9.615 -6.716 -4.300 -2.544 -4.385 -6.704 -8.907 -11.074 -13.398 -15.640 -17.799 -19.884 -21.905 -23.863 -25.681 -27.089 -28.360 -29.925 -32.209 -34.298 -36.133 -35.985 -36.420 -35.537 -34.093 -32.443 -30.052 -26.967 -23.212 -19.365 -16.168 -12.985 -9.780 -6.577 -3.670 -1.794 -0.207 0.631 1.584 2.486 3.331 4.116 4.838 5.493 5.659 5.515 5.291 4.987 4.604 3.811 2.823 1.235 -0.654 -2.610 -4.592 -6.519 -8.249 -9.386 -9.684 -9.888 -10.066 -10.249 -10.448 -10.668
 -25.350 -26.251 -25.721 -25.068 -25.607 -26.525 -28.550 -30.882 -29.453 -28.275 -27.581 -27.514 -27.883 -28.587 -31.575 -35.293 -38.799 -40.140 -40.543 -41.268 -40.642 -39.707 -37.196 -34.373 -32.503 -33.798 -34.210 -33.475 -31.595 -28.663 -25.885 -22.721 -20.203 -17.181 -13.731 -9.578 -4.032 -2.156 -0.019 -1.199 -4.664 -8.021 -10.233 -12.313 -14.255 -16.055 -18.211 -20.290 -22.321 -24.322 -26.260 -27.838 -29.172 -30.593 -32.930 -35.059 -36.967 -36.752 -37.018 -37.213 -35.730 -33.630 -30.911 -27.185 -23.343 -19.408 -16.167 -12.895 -9.601 -6.308 -2.628 0.752 3.688 5.275 6.455 7.277 7.740 7.852 7.632 7.718 7.672 7.532 7.296 6.717 5.942 5.037 4.008 2.682 0.707 -1.362 -3.503 -5.651 -7.464 -8.453 -9.016 -9.138 -9.277 -9.444 -9.641 -9.867
 -26.097 -26.542 -26.269 -25.551 -25.060 -25.624 -27.216 -28.155 -27.546 -26.289 -25.387 -25.555 -26.196 -27.261 -29.604 -33.292 -36.755 -37.321 -37.733 -37.302 -36.601 -34.757 -32.113 -29.297 -27.036 -26.733 -25.971 -25.510 -24.438 -22.451 -19.926 -17.696 -15.302 -12.469 -9.299 -5.906 -1.805 0.171 1.072 -1.422 -4.832 -8.228 -11.581 -13.686 -15.602 -17.370 -18.987 -20.675 -22.687 -24.749 -26.767 -28.597 -30.000 -31.341 -33.734 -35.904 -37.789 -37.584 -37.634 -37.864 -37.122 -34.782 -31.209 -27.388 -23.450 -19.418 -16.095 -12.725 -9.333 -4.413 0.280 4.080 7.248 9.669 11.140 12.157 12.716 12.827 12.515 11.197 9.509 9.187 8.706 8.070 7.286 6.360 5.302 4.119 2.198 0.055 -2.189 -4.523 -6.664 -7.252 -7.903 -8.198 -8.342 -8.525 -8.743 -8.993
 -27.028 -26.731 -26.407 -25.573 -24.383 -23.991 -25.053 -25.487 -25.039 -23.901 -22.369 -23.481 -24.413 -25.764 -27.259 -30.624 -33.342 -33.984 -33.387 -32.897 -31.847 -29.368 -26.628 -24.067 -21.630 -21.305 -20.537 -19.897 -18.733 -16.729 -14.443 -12.561 -10.479 -8.340 -6.236 -4.643 -2.090 0.415 0.740 -1.904 -5.168 -8.498 -11.835 -15.078 -16.960 -18.689 -20.257 -21.674 -22.978 -25.179 -27.269 -29.232 -30.835 -32.159 -34.614 -36.828 -38.592 -38.394 -38.259 -38.475 -37.943 -35.269 -31.490 -27.568 -23.527 -19.391 -15.948 -12.201 -6.867 -1.702 2.892 6.588 9.608 12.357 13.866 14.942 15.615 15.902 15.368 14.383 13.107 11.292 10.514 9.828 8.969 7.946 6.771 5.507 3.830 1.670 -0.566 -2.686 -4.360 -5.460 -6.305 -7.037 -7.249 -7.487 -7.753 -8.045
 -27.860 -27.282 -26.394 -25.338 -23.838 -21.991 -22.676 -22.945 -22.707 -22.073 -21.601 -22.013 -22.774 -24.069 -25.023 -26.943 -29.508 -29.313 -28.730 -28.154 -26.250 -23.652 -21.205 -18.517 -16.080 -15.744 -15.730 -15.359 -14.672 -13.840 -12.137 -10.374 -8.609 -6.893 -5.273 -4.395 -1.667 0.184 -0.529 -2.813 -5.540 -8.795 -12.117 -15.426 -18.300 -19.990 -21.518 -22.920 -24.279 -25.691 -27.759 -29.769 -31.646 -33.032 -35.560 -37.823 -39.369 -39.171 -38.879 -38.858 -38.115 -35.613 -31.742 -27.713 -23.563 -19.318 -15.720 -10.026 -5.063 -0.299 4.395 8.610 11.897 14.827 16.782 17.906 18.571 18.430 17.710 16.647 15.288 13.675 11.840 11.790 10.930 9.901 8.717 7.393 5.825 3.537 1.279 -0.517 -2.114 -3.411 -4.492 -5.482 -6.018 -6.343 -6.678 -7.030
 -28.648 -28.052 -26.667 -24.980 -23.154 -20.975 -20.184 -20.498 -20.566 -20.424 -20.375 -20.393 -20.517 -21.456 -22.346 -22.952 -24.713 -24.378 -23.803 -22.868 -20.403 -18.070 -15.519 -12.694 -10.407 -10.667 -10.635 -10.277 -9.540 -9.410 -8.789 -7.615 -6.364 -5.178 -4.178 -3.612 -1.088 0.105 -1.606 -3.715 -6.149 -9.009 -12.347 -15.706 -18.970 -21.227 -22.701 -24.074 -25.423 -26.788 -28.169 -30.229 -32.188 -33.933 -36.555 -38.878 -40.109 -39.898 -39.472 -39.144 -37.730 -35.583 -31.951 -27.812 -23.550 -19.191 -14.219 -9.098 -3.957 1.124 6.082 10.687 14.228 17.384 19.748 20.918 21.207 20.817 20.006 18.845 17.393 15.696 13.788 12.493 12.626 11.936 10.748 9.426 7.996 5.815 3.711 1.622 -0.282 -1.812 -3.156 -4.375 -5.344 -5.784 -6.192 -6.576
 -28.894 -28.653 -27.115 -24.810 -22.416 -19.990 -18.461 -17.915 -18.055 -17.971 -17.842 -17.791 -17.806 -18.696 -19.478 -19.980 -19.308 -19.256 -18.642 -16.981 -14.783 -12.334 -9.624 -6.645 -5.249 -5.418 -5.277 -4.801 -4.943 -5.084 -4.938 -4.377 -3.699 -3.083 -2.848 -2.450 -0.368 -0.760 -2.331 -4.331 -6.709 -9.397 -12.428 -15.906 -19.256 -22.334 -23.705 -25.007 -26.318 -27.660 -29.014 -30.596 -32.895 -35.121 -38.181 -40.666 -41.507 -41.229 -40.553 -39.858 -37.631 -35.178 -32.068 -27.851 -23.475 -19.125 -13.589 -8.233 -2.864 2.473 7.719 12.719 16.569 20.012 22.756 23.586 23.638 23.139 22.204 20.926 19.374 17.594 15.619 13.474 13.255 13.346 12.843 11.471 9.811 7.779 5.618 3.468 1.369 -0.572 -2.291 -3.718 -5.040 -5.666 -6.173 -6.625
 -27.490 -28.519 -26.210 -23.679 -20.919 -18.143 -16.802 -15.857 -14.903 -14.967 -14.956 -14.931 -14.898 -15.734 -16.368 -16.054 -14.814 -13.974 -13.409 -12.094 -10.412 -8.294 -5.720 -3.203 -2.202 -1.908 -1.120 -0.980 -0.553 -0.831 -0.959 -0.835 -0.633 -0.502 -0.779 -1.336 -0.111 -1.060 -2.585 -4.548 -6.918 -9.652 -12.690 -15.923 -19.472 -22.443 -24.401 -25.614 -26.891 -28.307 -30.026 -31.709 -33.800 -36.362 -39.756 -42.510 -42.816 -42.444 -41.468 -40.195 -37.897 -35.368 -32.475 -27.821 -23.816 -18.859 -13.026 -7.483 -1.900 3.687 9.228 14.627 18.858 22.682 25.329 26.059 25.988 25.319 24.224 22.818 21.168 19.317 17.292 15.111 13.975 14.008 13.771 12.978 11.368 9.425 7.085 4.814 2.843 1.114 -0.540 -2.134 -3.502 -4.337 -4.905 -5.464
 -25.105 -25.412 -24.414 -22.148 -19.579 -16.839 -14.945 -14.045 -13.168 -12.276 -11.834 -11.829 -11.773 -12.528 -13.050 -12.009 -10.691 -10.294 -9.911 -8.546 -6.758 -4.517 -1.801 -0.370 0.762 0.769 0.749 1.144 1.954 2.609 3.076 2.910 2.755 2.593 1.879 0.695 0.562 -0.710 -2.320 -4.311 -6.700 -9.477 -12.613 -16.063 -19.780 -22.095 -24.604 -25.792 -27.362 -29.126 -30.907 -32.676 -34.400 -37.379 -41.080 -43.760 -43.939 -43.392 -42.191 -40.422 -38.088 -35.510 -32.503 -28.605 -24.730 -18.708 -12.578 -6.880 -1.119 4.684 10.501 16.276 20.783 24.712 27.780 28.455 28.130 27.223 25.954 24.428 22.702 20.807 18.760 16.519 14.386 14.264 13.926 13.592 12.656 10.878 8.966 7.066 5.204 3.395 1.643 -0.058 -1.719 -2.984 -3.636 -4.273
 -22.275 -22.335 -21.629 -20.304 -18.048 -15.567 -13.628 -12.372 -11.287 -10.496 -9.705 -8.931 -8.433 -9.033 -9.109 -8.074 -8.324 -8.429 -7.873 -5.002 -3.026 -0.677 1.725 2.037 2.459 2.302 2.566 3.229 4.151 4.861 5.797 6.497 6.208 5.802 3.447 2.110 1.697 0.138 -1.597 -3.632 -6.034 -8.822 -11.957 -15.328 -18.596 -21.318 -23.841 -25.883 -27.699 -29.538 -31.386 -33.223 -35.029 -37.958 -41.914 -44.626 -44.341 -43.854 -42.551 -40.473 -38.172 -35.331 -32.499 -29.650 -25.752 -19.055 -12.253 -6.451 -0.572 5.379 11.914 18.108 23.270 28.257 32.147 32.562 31.735 30.410 28.721 26.720 24.454 22.004 19.730 17.197 14.566 14.236 13.994 13.810 14.112 13.114 11.108 9.120 7.172 5.281 3.449 1.676 -0.046 -1.570 -2.495 -3.129
 -19.380 -19.340 -18.745 -17.654 -16.193 -14.148 -12.107 -11.015 -9.897 -8.778 -7.821 -7.109 -6.488 -6.587 -5.986 -6.159 -6.339 -6.404 -6.121 -3.705 -0.860 2.209 2.836 3.110 3.591 3.716 4.279 5.239 6.227 6.877 7.642 8.770 8.764 7.042 4.527 3.514 2.935 1.260 -0.543 -2.581 -4.964 -7.736 -10.841 -14.121 -17.342 -20.331 -23.542 -26.047 -27.677 -29.544 -31.450 -33.321 -35.135 -37.957 -41.522 -43.067 -43.546 -43.433 -42.212 -40.292 -37.819 -34.998 -33.082 -30.464 -26.532 -19.617 -12.593 -5.985 0.717 7.150 13.551 19.860 25.298 30.920 36.501 35.518 34.426 33.087 31.392 29.384 27.138 24.275 21.186 17.596 14.498 14.306 14.482 14.827 15.127 15.134 13.069 11.020 9.007 6.980 4.835 2.784 0.825 -0.978 -2.076 -3.100
 -16.857 -16.644 -16.021 -15.021 -13.717 -12.194 -10.483 -9.539 -8.629 -7.724 -6.844 -6.003 -5.195 -5.045 -5.419 -5.742 -5.973 -6.083 -5.488 -4.005 -1.184 1.261 2.087 3.213 4.220 4.860 5.755 6.642 7.105 7.843 8.416 8.687 8.708 8.157 5.882 4.803 4.108 2.470 0.696 -1.255 -3.565 -6.327 -9.457 -12.763 -16.055 -19.504 -23.106 -26.161 -27.927 -29.657 -31.352 -33.000 -34.825 -37.742 -39.968 -41.236 -41.756 -41.786 -40.456 -38.521 -36.338 -34.287 -32.536 -30.103 -26.241 -19.608 -12.002 -4.753 1.845 8.255 14.611 20.753 26.094 31.303 35.322 36.106 35.769 34.898 33.353 31.372 28.815 25.970 22.693 19.169 15.574 15.095 15.520 15.851 16.133 16.388 14.887 12.518 10.116 7.798 5.572 3.441 1.402 -0.530 -1.698 -2.789
 -14.630 -14.400 -13.836 -12.959 -11.815 -10.461 -8.955 -8.154 -7.699 -6.900 -6.107 -5.334 -4.530 -4.800 -5.241 -5.450 -5.604 -5.676 -4.770 -3.830 -1.620 -0.645 0.134 1.231 1.997 2.608 3.647 5.100 6.331 7.525 8.361 8.619 8.484 8.244 7.005 5.861 5.071 3.594 2.079 0.624 -1.293 -3.900 -7.015 -10.336 -13.752 -17.638 -21.430 -24.950 -26.929 -28.877 -30.794 -32.663 -34.866 -36.774 -37.647 -38.653 -39.229 -39.423 -37.883 -36.118 -34.248 -33.711 -31.778 -29.584 -25.494 -18.368 -10.744 -3.283 3.401 9.419 15.213 20.899 25.899 30.500 33.938 35.324 35.845 35.942 34.343 32.214 29.759 26.995 23.932 20.647 18.305 17.753 16.952 16.856 17.104 17.110 15.890 13.337 10.860 8.470 6.173 3.971 1.863 -0.154 -1.384 -2.533
 -12.437 -12.203 -11.687 -10.905 -9.887 -8.674 -7.309 -6.146 -5.854 -5.497 -5.092 -4.508 -3.716 -4.881 -5.260 -5.554 -5.795 -5.955 -4.869 -4.006 -4.254 -3.519 -2.730 -1.548 -0.781 0.337 2.025 3.649 5.336 7.097 8.383 8.454 8.017 7.701 7.776 6.735 6.233 5.348 4.241 3.220 1.692 -1.099 -4.483 -7.954 -11.804 -15.793 -19.691 -23.460 -25.513 -27.511 -29.408 -30.811 -33.095 -34.033 -35.006 -36.407 -37.217 -37.261 -35.816 -34.074 -32.462 -31.821 -30.472 -28.117 -23.340 -17.048 -9.539 -2.159 4.607 10.733 16.233 21.060 25.215 29.312 32.305 33.890 34.800 34.971 33.917 32.275 30.138 27.688 25.004 22.695 21.075 20.435 19.515 18.426 17.516 17.244 16.263 13.979 11.436 8.983 6.625 4.364 2.198 0.143 -1.142 -2.342
 -10.389 -10.214 -9.784 -9.109 -8.213 -7.123 -5.873 -4.493 -4.030 -3.706 -3.309 -2.853 -2.919 -4.379 -4.861 -5.348 -5.825 -6.293 -5.274 -5.732 -5.950 -6.425 -5.426 -3.998 -3.068 -1.579 0.340 2.121 4.067 6.204 8.514 7.699 7.034 7.538 8.290 8.092 7.447 6.802 5.876 5.291 4.873 1.236 -2.339 -5.901 -10.004 -14.023 -17.959 -21.821 -23.908 -25.581 -27.017 -28.790 -30.961 -32.550 -33.901 -35.719 -36.914 -37.562 -36.483 -34.504 -32.958 -31.788 -29.435 -25.814 -20.891 -15.510 -8.148 -1.034 5.783 11.834 17.022 21.340 25.065 28.328 30.517 32.187 33.377 33.553 32.975 31.667 29.981 28.003 26.555 24.528 23.839 23.031 21.817 20.051 18.247 17.267 16.250 14.427 11.829 9.325 6.919 4.610 2.398 0.350 -0.980 -2.223
 -8.520 -8.354 -7.961 -7.350 -6.538 -5.547 -4.401 -3.125 -2.146 -1.889 -1.549 -1.139 -1.859 -3.311 -3.662 -4.482 -5.156 -5.954 -5.829 -6.373 -6.719 -7.717 -7.865 -6.883 -5.806 -4.059 -2.254 -0.120 2.197 4.352 5.787 6.154 6.318 7.701 8.699 9.062 8.186 7.662 6.824 6.194 4.975 2.420 -0.774 -4.381 -8.386 -12.350 -16.260 -20.061 -21.735 -23.962 -26.461 -28.612 -30.532 -32.156 -33.459 -35.254 -36.293 -37.238 -36.325 -34.807 -33.805 -32.211 -29.008 -25.433 -20.011 -14.408 -7.468 -0.228 6.852 13.014 18.106 21.894 25.200 28.063 29.442 30.485 31.453 31.814 31.436 30.592 29.404 28.651 27.791 26.997 26.516 25.250 23.384 21.474 19.563 17.547 16.118 14.664 12.029 9.489 7.047 4.704 2.457 0.463 -0.903 -2.181
 -6.675 -6.519 -6.159 -5.603 -4.862 -3.953 -2.897 -1.712 -0.418 0.037 0.326 0.695 -0.538 -2.405 -2.819 -3.403 -4.833 -6.364 -6.362 -6.834 -7.353 -8.623 -9.418 -10.025 -8.763 -6.878 -4.927 -2.742 -0.440 1.666 3.881 4.998 6.331 7.817 8.985 9.829 8.772 7.619 7.557 6.769 5.355 3.162 0.402 -3.096 -6.920 -10.765 -14.829 -18.490 -21.300 -23.970 -25.754 -27.964 -29.928 -31.605 -32.943 -34.557 -35.621 -36.867 -35.971 -34.362 -33.927 -31.726 -28.508 -24.857 -19.483 -13.940 -8.130 -0.161 6.930 13.477 18.811 22.473 25.383 27.198 27.857 28.200 28.272 28.484 28.374 27.910 27.573 27.541 27.297 29.105 27.984 26.348 24.626 22.635 20.657 18.485 15.857 14.682 12.027 9.467 7.005 4.640 2.373 0.477 -0.917 -2.221
 -5.751 -4.876 -4.376 -3.866 -3.185 -2.348 -1.368 -0.262 0.952 2.059 2.304 2.555 0.607 -1.414 -2.486 -3.704 -5.154 -6.587 -6.728 -7.004 -7.686 -9.212 -10.804 -12.235 -11.761 -9.733 -7.511 -5.292 -2.854 -0.171 2.067 4.125 6.259 8.074 9.644 10.663 9.702 9.082 8.771 7.605 6.026 3.954 1.461 -1.913 -5.776 -9.949 -14.226 -18.360 -21.154 -22.648 -24.897 -27.139 -29.147 -30.889 -32.189 -33.825 -35.167 -36.478 -35.645 -33.931 -32.594 -30.296 -27.727 -24.120 -18.767 -13.258 -7.467 -1.351 6.341 13.498 18.635 21.714 24.377 25.440 25.535 25.187 25.215 25.147 25.315 25.162 25.609 25.688 27.075 28.096 27.254 25.848 24.323 22.796 21.310 19.193 16.481 14.477 11.822 9.259 6.791 4.419 2.142 0.389 -1.023 -2.345
 -5.730 -4.904 -4.004 -3.038 -2.019 -0.960 0.123 1.215 2.302 3.372 3.783 3.256 0.803 -1.490 -2.923 -3.732 -5.178 -6.608 -6.956 -6.777 -7.517 -9.089 -11.619 -14.331 -12.894 -11.568 -9.721 -7.127 -4.371 -1.704 0.643 3.732 6.454 8.779 10.719 12.037 11.093 10.461 10.191 8.842 7.030 4.906 2.530 -1.328 -5.363 -9.790 -14.367 -17.620 -19.321 -21.410 -23.869 -26.131 -28.173 -29.972 -31.246 -33.029 -34.893 -36.051 -35.310 -33.266 -31.172 -28.816 -26.221 -22.849 -17.886 -12.383 -6.593 -0.744 4.884 11.783 17.440 20.480 22.660 23.583 23.527 21.771 22.634 22.845 22.494 22.984 23.440 25.139 26.464 26.722 26.084 24.953 23.590 22.151 20.712 18.816 16.722 14.277 11.418 8.868 6.408 4.041 1.767 0.200 -1.222 -2.555
 -5.738 -4.959 -4.114 -3.210 -2.257 -1.267 -0.252 0.775 1.803 2.820 3.343 3.210 1.020 -1.261 -3.133 -3.777 -4.896 -6.283 -6.906 -6.592 -6.760 -8.392 -10.705 -12.346 -12.331 -11.402 -9.792 -7.734 -5.203 -2.646 0.690 3.926 6.880 9.964 12.276 13.676 12.867 12.057 11.401 10.536 8.613 6.224 3.134 -0.869 -5.471 -9.730 -13.333 -15.594 -17.586 -20.213 -22.668 -24.933 -26.986 -28.646 -30.078 -32.267 -34.678 -35.389 -34.688 -31.917 -29.702 -27.303 -24.682 -20.980 -16.388 -11.340 -5.529 -0.508 4.610 9.557 14.402 18.912 20.533 21.500 21.565 21.386 21.429 21.223 20.699 21.715 23.434 24.845 25.650 25.507 24.893 23.896 22.663 21.315 19.935 17.899 15.833 13.787 10.823 8.298 5.860 3.510 1.423 -0.090 -1.514 -2.849
 -5.771 -5.036 -4.241 -3.393 -2.500 -1.570 -0.615 0.355 1.329 1.952 2.502 3.305 1.514 -0.737 -2.970 -3.739 -4.335 -5.625 -6.542 -6.096 -5.688 -7.239 -9.194 -10.620 -10.983 -9.952 -8.180 -6.155 -4.179 -1.622 1.321 4.569 7.812 10.991 13.824 15.160 14.419 13.593 12.654 11.804 9.990 7.152 4.126 0.033 -3.905 -7.831 -11.531 -13.496 -16.246 -18.854 -21.295 -23.546 -25.583 -27.036 -28.633 -31.145 -33.106 -34.206 -33.797 -30.582 -28.182 -25.761 -23.121 -19.016 -14.421 -10.060 -5.823 -0.846 4.323 8.929 13.432 16.352 18.116 18.075 17.734 17.581 18.131 18.817 19.603 20.820 22.391 24.182 24.765 24.438 23.766 22.719 21.245 19.707 18.052 15.832 13.712 11.494 7.905 6.311 4.312 2.189 0.637 -0.561 -1.895 -3.228
 -5.826 -5.132 -4.384 -3.586 -2.746 -1.870 -0.969 -0.050 0.736 1.140 1.900 2.663 2.219 0.071 -2.103 -3.471 -4.009 -4.668 -5.774 -5.309 -5.254 -6.111 -7.776 -8.939 -8.840 -7.511 -5.838 -4.017 -1.523 1.276 3.979 6.684 9.691 12.588 15.400 16.554 15.813 15.035 14.207 12.851 11.452 9.306 6.149 2.366 -1.537 -5.431 -8.549 -11.747 -14.725 -17.335 -19.756 -21.983 -23.892 -25.213 -27.493 -29.812 -31.616 -32.813 -32.223 -29.218 -26.638 -24.259 -21.983 -17.985 -14.399 -11.143 -7.355 -2.760 2.222 6.332 10.098 12.874 15.857 17.537 17.343 17.258 17.521 18.050 19.397 20.264 20.819 21.786 22.138 22.306 21.953 20.584 19.106 17.582 15.710 13.516 11.421 8.948 5.346 3.268 1.926 0.381 -0.924 -2.088 -3.119 -4.019
 -5.899 -5.244 -4.539 -3.788 -2.995 -2.169 -1.314 -0.441 0.035 0.609 1.342 2.067 2.247 1.030 -0.955 -2.994 -3.462 -3.849 -4.422 -4.877 -5.055 -5.220 -6.408 -6.725 -5.979 -4.796 -3.309 -0.942 1.742 4.429 7.067 9.954 12.861 15.778 18.620 19.689 18.990 18.227 16.932 15.214 13.570 11.819 8.464 4.827 0.949 -3.032 -6.276 -9.465 -12.570 -15.475 -18.064 -20.265 -21.988 -23.729 -26.303 -28.491 -30.215 -31.433 -30.700 -28.121 -26.217 -24.426 -21.628 -18.388 -15.533 -12.205 -8.092 -4.145 -0.922 2.716 5.768 8.698 11.680 14.297 15.476 16.156 16.638 17.060 18.566 19.791 20.245 19.822 19.401 18.943 18.446 18.007 16.943 15.402 13.265 11.083 9.004 6.164 2.611 -0.067 -2.095 -3.372 -4.574 -5.964 -7.046 -7.822
 -5.986 -5.370 -4.705 -3.997 -3.248 -2.465 -1.654 -0.901 -0.565 0.129 0.825 1.518 2.300 1.313 0.166 -1.489 -2.725 -3.022 -3.620 -4.888 -5.101 -4.768 -4.632 -4.052 -3.176 -2.055 0.203 2.653 5.204 7.786 10.550 13.462 16.315 19.103 21.759 22.475 22.079 20.961 19.302 17.566 15.744 13.065 10.739 7.415 3.273 -0.603 -3.844 -7.033 -10.140 -13.134 -15.911 -18.335 -20.295 -22.651 -25.135 -27.239 -28.910 -30.359 -30.511 -28.414 -26.234 -24.637 -21.811 -19.370 -16.042 -12.430 -9.345 -6.969 -4.639 -1.654 1.343 4.471 7.434 10.193 12.534 13.772 14.527 15.806 17.145 18.349 18.479 17.166 16.600 15.968 15.363 14.787 14.257 12.997 10.734 8.549 6.474 2.904 -1.721 -5.533 -7.353 -8.400 -9.083 -9.996 -11.037 -11.771
 -6.086 -5.506 -4.881 -4.212 -3.504 -2.761 -1.987 -1.454 -0.975 -0.315 0.351 1.015 1.733 1.803 0.720 -0.312 -1.473 -2.486 -3.812 -4.982 -4.846 -4.121 -2.442 -1.514 -0.097 1.849 4.025 6.369 8.813 11.401 14.276 17.130 19.945 22.710 24.229 24.950 24.877 23.297 21.638 19.896 17.676 14.708 12.357 9.320 5.264 1.992 -1.255 -4.452 -7.571 -10.580 -13.443 -16.288 -18.683 -21.594 -24.021 -26.073 -28.422 -30.643 -30.598 -28.885 -26.398 -24.755 -22.283 -19.450 -16.320 -13.824 -11.736 -10.042 -8.421 -6.032 -3.174 0.073 2.977 5.984 9.091 10.837 11.843 13.154 14.705 15.571 15.634 14.583 13.446 12.859 12.327 11.694 11.142 10.184 8.442 5.926 2.624 -2.324 -6.978 -11.075 -12.474 -13.479 -14.098 -14.354 -15.083 -15.773
 -6.196 -5.652 -5.063 -4.432 -3.762 -3.055 -2.316 -1.960 -1.353 -0.721 -0.081 0.561 1.212 2.021 1.471 0.517 -1.095 -3.036 -4.053 -4.782 -4.806 -3.328 -1.081 1.743 3.687 5.772 7.904 10.173 12.565 15.340 18.136 20.928 23.695 25.961 26.775 27.486 27.037 25.600 23.947 22.206 19.241 16.151 13.073 9.935 7.552 4.752 1.491 -1.724 -4.866 -7.904 -11.193 -14.339 -17.361 -20.359 -22.975 -26.007 -28.755 -31.000 -30.799 -29.552 -27.070 -24.270 -22.332 -19.611 -17.482 -15.792 -14.879 -13.748 -12.212 -10.451 -7.862 -4.676 -1.732 1.537 5.132 7.957 8.568 9.634 10.603 11.587 12.227 11.751 10.265 9.564 8.999 8.558 7.927 6.767 5.724 2.551 -2.688 -7.694 -12.394 -16.250 -17.857 -19.328 -20.242 -20.628 -20.569 -21.149
 -6.198 -5.804 -5.251 -4.657 -4.022 -3.349 -2.641 -2.293 -1.699 -1.089 -0.468 0.156 0.778 1.532 2.169 0.353 -1.526 -3.350 -4.740 -4.592 -4.498 -2.161 1.318 4.639 7.486 9.706 11.834 14.046 16.685 19.378 22.100 24.828 27.451 28.421 29.284 29.442 29.095 27.971 26.249 24.222 20.212 16.837 13.638 11.626 9.525 6.835 4.119 1.149 -2.048 -5.658 -9.158 -12.462 -15.991 -19.068 -22.874 -26.378 -29.168 -31.437 -31.164 -30.157 -27.275 -24.020 -21.999 -20.172 -19.416 -19.045 -18.425 -17.437 -16.043 -14.734 -12.774 -9.790 -6.861 -3.470 0.513 5.112 4.419 4.655 5.489 6.744 7.571 8.112 7.191 6.265 5.656 5.195 4.361 3.377 1.066 -1.758 -7.263 -13.005 -17.582 -22.246 -24.347 -25.836 -26.698 -26.971 -26.785 -26.651
 -5.655 -5.942 -6.088 -6.088 -5.565 -4.950 -4.243 -3.792 -3.087 -2.310 -1.471 -0.577 0.217 0.285 0.108 -0.141 -1.806 -3.300 -3.942 -4.407 -3.343 -1.185 2.849 6.866 10.770 13.602 15.815 18.310 20.873 23.488 26.139 28.712 29.832 30.847 31.518 31.369 31.046 29.678 27.736 24.830 20.995 17.616 15.438 13.426 11.343 8.912 6.144 3.065 -0.197 -3.483 -7.064 -10.930 -14.504 -18.822 -22.919 -26.594 -29.606 -31.837 -31.295 -30.113 -27.474 -24.403 -21.831 -21.982 -22.470 -22.342 -21.892 -21.087 -19.713 -17.987 -15.929 -13.326 -10.386 -7.244 -3.889 -0.938 -1.314 -1.133 -0.162 1.161 2.045 3.128 3.912 2.959 2.340 1.646 0.670 -1.109 -3.777 -7.613 -11.895 -17.539 -23.589 -28.625 -30.850 -32.400 -33.234 -33.340 -32.972 -32.508
 -5.727 -6.040 -6.212 -6.237 -6.113 -5.837 -5.410 -5.107 -4.552 -3.967 -3.346 -2.956 -2.714 -2.418 -1.928 -1.407 -1.219 -1.511 -2.075 -2.685 -2.340 -0.956 2.389 6.752 11.093 15.378 18.961 21.581 24.246 26.948 29.208 30.589 31.848 32.782 32.700 32.269 31.687 30.351 28.863 25.563 22.288 19.895 17.538 15.434 13.259 10.781 7.685 4.387 1.062 -2.259 -6.236 -9.817 -13.941 -18.618 -22.866 -26.608 -29.873 -32.149 -31.603 -30.288 -28.478 -25.825 -23.841 -24.229 -25.019 -25.502 -24.864 -23.334 -22.003 -20.469 -18.691 -17.040 -14.249 -11.372 -8.482 -6.566 -6.226 -6.008 -5.803 -4.648 -3.690 -2.515 -1.137 -0.744 -1.107 -2.022 -3.203 -6.008 -9.356 -13.345 -16.936 -22.735 -29.055 -34.672 -37.316 -39.009 -39.948 -39.998 -39.018 -39.219
 -5.798 -6.129 -6.341 -6.429 -6.385 -6.207 -5.893 -5.633 -5.328 -5.203 -5.019 -4.781 -4.495 -4.166 -3.687 -3.108 -2.517 -1.577 -1.123 -1.220 -0.371 0.889 2.804 6.389 10.776 15.247 19.628 23.146 25.852 27.561 29.089 30.511 31.824 32.722 32.803 32.765 32.273 30.973 29.517 27.206 24.669 22.248 19.716 17.278 14.723 12.056 9.287 6.040 2.622 -1.441 -5.514 -9.376 -14.398 -19.255 -23.861 -27.912 -31.273 -33.487 -32.870 -31.485 -29.635 -27.568 -27.254 -27.146 -27.554 -27.402 -26.468 -25.522 -24.221 -22.861 -21.369 -20.741 -18.055 -15.474 -13.274 -11.902 -11.179 -10.760 -10.299 -9.787 -9.429 -8.117 -6.590 -5.292 -5.520 -6.307 -8.357 -11.523 -15.228 -18.609 -22.804 -27.746 -34.326 -40.111 -43.465 -45.683 -47.068 -47.640 -47.600 -47.505
 -6.511 -6.848 -7.120 -7.320 -7.437 -7.463 -7.397 -7.323 -7.234 -7.071 -6.845 -6.561 -6.226 -6.012 -5.988 -5.435 -4.653 -3.620 -2.508 -0.839 0.889 2.831 5.048 7.634 10.853 14.704 18.423 21.815 24.574 26.652 28.423 30.066 31.570 32.167 32.358 32.392 32.334 32.087 31.458 28.902 26.621 23.900 21.020 18.461 15.790 13.013 10.136 6.969 3.056 -1.052 -5.169 -9.967 -15.194 -20.291 -25.162 -29.521 -32.537 -34.489 -34.348 -32.708 -30.802 -30.205 -30.510 -30.572 -29.675 -28.623 -28.147 -27.453 -26.554 -25.256 -23.708 -22.950 -21.349 -19.253 -18.008 -16.935 -16.051 -15.608 -14.906 -14.140 -14.321 -13.632 -11.974 -10.958 -9.852 -10.707 -13.898 -17.479 -20.963 -24.550 -29.061 -33.655 -39.950 -45.464 -49.348 -52.698 -54.618 -55.674 -55.578 -54.428
 -8.436 -8.810 -9.118 -9.350 -9.490 -9.526 -9.452 -9.238 -9.110 -8.903 -8.628 -8.369 -8.487 -8.527 -8.300 -7.711 -6.738 -5.618 -4.399 -2.145 0.456 2.819 5.314 7.996 10.811 13.365 16.500 19.522 22.340 25.104 27.281 29.018 30.570 31.207 31.794 32.318 32.590 32.368 31.949 29.576 27.540 25.006 22.106 19.531 16.832 14.010 10.581 7.007 3.313 -0.550 -5.262 -10.753 -16.162 -21.447 -26.561 -30.765 -33.841 -35.411 -35.797 -34.258 -32.349 -32.163 -33.438 -33.440 -32.213 -30.894 -29.740 -29.072 -28.183 -27.095 -25.811 -25.369 -24.385 -22.974 -22.365 -21.676 -20.844 -20.539 -19.646 -18.436 -18.613 -18.652 -17.490 -16.579 -14.417 -15.847 -19.419 -22.930 -26.368 -30.303 -34.649 -38.904 -44.501 -49.638 -53.867 -57.700 -60.809 -62.643 -62.208 -60.595
 -10.333 -10.746 -11.096 -11.367 -11.540 -11.589 -11.503 -11.126 -10.949 -10.692 -10.739 -10.903 -10.984 -10.958 -10.500 -9.905 -8.800 -7.600 -6.169 -3.592 -0.673 2.434 5.405 7.981 10.503 12.752 15.211 18.279 21.094 23.861 26.563 29.183 30.770 31.449 32.075 32.634 32.610 32.211 31.732 29.327 27.787 25.946 23.287 20.619 17.526 14.244 10.782 7.158 3.289 -0.758 -5.964 -11.351 -16.885 -22.312 -27.281 -30.973 -34.022 -37.307 -37.839 -36.272 -34.022 -33.568 -35.938 -36.075 -35.070 -33.853 -32.426 -30.806 -29.654 -28.521 -27.229 -26.972 -26.683 -26.386 -26.270 -26.062 -25.558 -25.560 -24.603 -23.395 -22.889 -22.736 -22.657 -21.530 -20.032 -21.124 -24.525 -27.630 -30.719 -34.862 -39.207 -43.444 -48.356 -53.134 -57.664 -61.886 -65.638 -67.858 -67.939 -65.969
 -12.192 -12.646 -13.039 -13.360 -13.580 -13.652 -13.544 -12.977 -12.742 -13.029 -13.245 -13.374 -13.420 -13.166 -12.658 -11.934 -10.853 -9.512 -7.555 -4.735 -1.765 1.359 4.621 7.744 10.169 12.482 14.713 16.892 19.695 22.484 25.210 27.889 29.625 31.056 32.090 32.626 32.533 32.206 31.727 29.303 27.606 25.767 23.784 21.111 17.976 14.621 11.099 7.172 2.699 -1.847 -8.017 -13.697 -19.229 -24.565 -27.928 -31.586 -34.690 -37.243 -38.715 -38.089 -36.611 -37.222 -38.542 -38.598 -37.984 -36.820 -35.427 -33.804 -31.982 -30.029 -28.390 -28.153 -28.184 -28.834 -29.339 -29.716 -29.528 -29.876 -28.810 -27.431 -26.711 -26.835 -27.779 -27.402 -25.585 -25.595 -28.514 -31.512 -34.517 -38.821 -43.134 -47.351 -50.985 -55.877 -60.588 -65.075 -69.194 -72.486 -73.269 -70.596
 -14.004 -14.494 -14.929 -15.301 -15.591 -15.715 -15.557 -14.998 -15.222 -15.494 -15.680 -15.780 -15.794 -15.330 -14.721 -13.736 -12.514 -11.063 -8.833 -5.969 -2.971 0.155 3.390 6.693 9.787 12.125 14.419 16.686 18.723 21.107 23.957 26.606 28.122 29.313 30.366 31.113 31.261 31.148 30.693 28.451 26.733 24.948 23.101 21.387 18.709 14.976 10.535 5.952 1.278 -3.934 -10.224 -16.045 -21.307 -25.711 -29.487 -33.107 -36.013 -38.661 -40.638 -41.497 -40.272 -40.769 -41.038 -40.950 -40.746 -39.779 -38.403 -36.749 -34.833 -32.736 -30.610 -29.719 -29.782 -30.720 -31.732 -32.971 -33.765 -34.240 -33.095 -32.217 -31.813 -32.087 -32.869 -32.494 -30.005 -29.870 -32.008 -34.897 -37.818 -42.127 -46.377 -50.523 -53.036 -57.754 -62.485 -67.057 -71.412 -75.327 -77.407 -73.770
 -15.464 -16.071 -16.608 -17.070 -17.458 -17.769 -17.588 -17.660 -17.584 -17.796 -17.905 -17.909 -17.653 -17.050 -16.341 -15.263 -14.002 -12.624 -10.179 -7.285 -4.272 -1.146 2.074 5.361 8.683 11.693 14.106 16.555 18.723 20.887 23.042 24.848 26.193 27.431 28.529 29.054 29.225 29.190 28.968 27.192 25.571 23.972 22.377 20.591 17.868 14.145 9.595 4.734 -0.286 -6.351 -12.698 -18.268 -23.419 -27.424 -31.316 -34.975 -38.148 -41.240 -43.612 -45.106 -44.837 -45.764 -44.751 -43.570 -43.049 -42.657 -41.353 -39.662 -37.605 -35.270 -32.840 -31.545 -31.786 -33.152 -34.753 -36.842 -39.675 -39.238 -38.352 -37.470 -36.682 -37.028 -37.051 -36.606 -33.868 -33.619 -34.935 -37.727 -40.572 -44.738 -48.902 -52.211 -54.298 -58.701 -63.250 -67.062 -69.876 -72.708 -75.002 -70.646
 -16.688 -17.309 -17.850 -18.304 -18.650 -18.897 -19.478 -19.724 -19.541 -19.599 -19.704 -19.698 -19.286 -18.660 -17.924 -16.778 -15.486 -14.080 -11.586 -8.673 -5.650 -2.524 0.691 3.975 7.370 10.878 13.881 16.371 18.597 20.824 22.754 24.051 24.849 25.617 26.479 26.924 27.107 27.061 26.838 25.431 23.711 22.191 20.197 17.766 14.871 11.576 7.303 2.643 -1.991 -7.926 -14.158 -19.954 -25.003 -29.061 -33.600 -37.578 -40.834 -44.205 -46.826 -48.515 -49.516 -50.673 -49.227 -47.759 -46.327 -44.863 -44.222 -42.576 -40.354 -37.704 -34.832 -32.795 -32.784 -34.570 -36.483 -38.554 -40.870 -42.569 -42.794 -42.049 -41.300 -40.790 -40.546 -40.017 -37.083 -36.584 -37.230 -39.942 -42.730 -46.621 -50.640 -52.823 -54.766 -58.770 -60.737 -62.804 -64.870 -66.661 -67.230 -64.785
 -17.855 -18.479 -19.013 -19.440 -19.731 -20.590 -21.236 -21.681 -21.566 -21.314 -21.425 -21.401 -20.870 -20.227 -19.471 -18.278 -16.965 -15.538 -13.103 -11.034 -8.598 -5.902 -2.950 0.404 3.992 7.795 11.801 15.156 18.176 20.272 22.222 23.402 24.270 25.126 25.450 25.607 25.449 25.297 25.724 25.338 23.930 21.980 19.939 17.318 14.384 10.963 6.928 1.690 -2.954 -9.150 -15.508 -21.483 -26.340 -31.313 -36.082 -40.145 -43.537 -47.154 -49.864 -51.737 -52.902 -55.230 -53.788 -52.032 -50.251 -48.487 -46.507 -45.319 -43.117 -40.121 -36.846 -34.026 -32.733 -35.622 -37.617 -39.725 -42.386 -44.728 -46.287 -46.278 -44.985 -43.853 -43.412 -42.633 -39.574 -38.704 -38.838 -41.485 -44.235 -47.739 -50.555 -52.541 -53.642 -54.302 -55.222 -56.365 -57.476 -58.278 -58.283 -56.329
 -18.969 -19.596 -20.120 -20.523 -21.382 -22.262 -23.403 -24.600 -25.250 -25.439 -25.431 -25.384 -24.764 -23.865 -22.694 -20.923 -19.139 -18.327 -16.605 -14.605 -12.321 -9.602 -6.500 -3.138 0.475 4.328 8.409 12.548 15.292 18.213 21.294 22.629 23.550 24.099 24.540 25.220 26.135 26.847 27.343 27.565 25.076 22.950 20.602 18.082 15.332 12.025 7.708 2.689 -3.059 -10.561 -16.975 -22.938 -28.207 -33.362 -38.240 -42.597 -46.212 -49.934 -52.786 -54.761 -55.963 -58.275 -57.920 -56.179 -54.218 -52.181 -50.092 -47.576 -45.308 -42.337 -39.004 -36.067 -36.024 -37.791 -39.167 -40.753 -43.694 -46.222 -48.649 -49.822 -47.911 -46.160 -45.552 -44.395 -41.297 -39.940 -39.720 -42.308 -44.995 -46.858 -48.694 -50.168 -48.501 -48.285 -48.274 -48.582 -48.860 -48.827 -47.733 -46.120
 -20.040 -20.671 -21.190 -21.953 -23.765 -25.518 -26.978 -28.141 -28.961 -29.151 -29.070 -28.594 -27.975 -27.089 -25.942 -25.131 -24.447 -23.407 -20.865 -18.176 -15.862 -13.178 -10.099 -6.737 -3.101 0.801 4.955 8.894 12.302 15.319 18.505 20.812 22.339 22.844 24.309 26.015 27.246 28.120 28.723 28.130 25.695 23.415 21.066 18.569 15.943 13.215 8.129 3.005 -2.577 -10.292 -17.934 -25.206 -30.336 -35.406 -40.262 -44.761 -48.571 -52.574 -55.588 -57.560 -58.653 -60.281 -60.775 -59.732 -57.733 -55.610 -53.414 -51.333 -46.552 -43.484 -40.723 -38.776 -38.893 -40.047 -40.638 -42.072 -44.781 -47.444 -49.341 -50.423 -49.435 -48.021 -46.819 -45.300 -42.249 -40.290 -39.667 -42.001 -43.240 -43.733 -45.125 -44.831 -42.544 -41.540 -40.721 -40.286 -39.261 -38.042 -36.671 -35.182
 -21.072 -21.562 -22.378 -24.731 -26.833 -28.660 -30.196 -31.431 -32.364 -32.772 -32.734 -32.129 -31.126 -30.213 -30.277 -30.011 -29.356 -28.341 -25.838 -22.827 -19.363 -16.504 -13.712 -10.394 -6.620 -2.240 2.046 6.260 10.523 13.832 17.160 19.094 21.018 23.990 25.798 27.233 28.218 29.149 29.119 28.045 26.391 23.714 21.284 18.644 15.737 12.245 7.722 2.690 -2.462 -10.133 -18.013 -26.025 -32.731 -37.908 -42.726 -47.066 -50.910 -55.102 -58.383 -60.110 -60.883 -61.559 -62.384 -61.784 -60.561 -58.318 -55.862 -52.696 -48.119 -44.511 -41.906 -39.820 -40.351 -41.768 -41.918 -43.577 -45.926 -47.935 -49.333 -50.283 -50.206 -49.176 -47.578 -45.389 -42.203 -39.297 -38.600 -39.324 -39.559 -39.838 -39.506 -37.022 -35.556 -34.166 -32.188 -30.532 -28.827 -27.109 -25.471 -24.051
 -21.512 -22.824 -25.202 -27.645 -29.834 -31.745 -33.360 -34.668 -35.662 -36.341 -36.356 -35.715 -34.716 -34.693 -34.965 -34.776 -34.155 -33.170 -30.640 -27.673 -24.621 -21.110 -17.344 -13.990 -10.252 -6.047 -1.746 2.619 7.188 11.288 14.725 17.159 20.704 24.555 27.716 29.269 30.390 30.689 29.330 27.810 26.545 23.872 21.307 18.442 15.193 11.396 6.962 1.737 -3.779 -11.161 -19.712 -27.811 -35.232 -41.807 -46.548 -50.836 -54.571 -58.600 -62.313 -63.083 -63.225 -63.188 -64.070 -63.198 -62.055 -60.620 -57.753 -54.229 -49.953 -45.636 -43.006 -40.955 -40.902 -42.032 -42.620 -44.566 -46.627 -47.905 -49.060 -49.928 -50.435 -49.908 -47.932 -44.364 -41.300 -38.228 -35.069 -35.117 -35.157 -35.147 -33.033 -29.112 -27.360 -25.185 -22.766 -20.606 -18.358 -16.138 -14.170 -12.759
 -22.893 -25.146 -27.925 -30.473 -32.761 -34.766 -36.467 -37.849 -38.903 -39.626 -39.932 -39.267 -39.176 -39.703 -39.890 -39.541 -38.817 -38.209 -36.281 -33.728 -30.288 -26.045 -21.372 -16.946 -13.324 -9.704 -5.652 -1.350 3.100 7.740 11.318 14.936 19.615 24.232 28.535 31.153 32.274 31.721 30.355 28.716 26.619 24.287 21.237 18.161 14.399 9.772 4.724 -0.636 -6.146 -13.007 -21.691 -29.647 -37.120 -44.357 -50.076 -54.313 -57.927 -61.591 -64.696 -66.163 -66.246 -65.439 -64.921 -63.892 -62.441 -60.654 -58.443 -55.466 -51.287 -46.951 -43.626 -41.554 -40.941 -41.681 -42.570 -44.058 -45.391 -46.658 -47.958 -49.024 -49.683 -49.506 -47.318 -43.469 -39.115 -34.602 -30.210 -29.937 -29.536 -28.968 -25.191 -21.693 -18.707 -16.223 -13.437 -10.848 -8.099 -5.325 -2.859 -1.334
 -24.845 -27.637 -30.537 -33.202 -35.603 -37.712 -39.505 -40.966 -42.082 -42.847 -43.260 -43.022 -43.962 -44.545 -44.780 -44.952 -44.848 -44.193 -42.342 -38.858 -35.001 -30.747 -26.074 -20.970 -16.776 -13.231 -9.489 -5.591 -1.150 3.655 8.136 13.127 18.037 22.894 27.641 32.118 33.552 32.635 31.427 29.674 27.504 24.910 20.867 16.830 12.401 7.577 2.402 -3.028 -8.586 -15.091 -23.463 -31.322 -38.812 -46.211 -52.980 -57.343 -60.695 -63.857 -66.849 -68.535 -68.644 -67.635 -66.027 -64.996 -62.501 -60.151 -57.698 -54.798 -51.450 -47.775 -44.229 -41.657 -40.476 -40.897 -41.993 -43.223 -44.121 -45.203 -46.360 -47.165 -47.572 -46.872 -43.765 -39.224 -34.409 -29.037 -24.789 -23.388 -22.803 -22.010 -17.681 -14.702 -11.449 -7.945 -4.461 -1.540 1.612 4.932 8.173 10.197
 -26.748 -29.986 -33.020 -35.819 -38.346 -40.570 -42.465 -44.009 -45.189 -45.995 -46.426 -47.397 -48.564 -49.190 -50.308 -50.997 -50.800 -49.992 -47.425 -44.002 -40.200 -36.527 -32.353 -27.771 -22.863 -18.947 -15.238 -11.127 -6.660 -1.750 4.877 10.652 16.329 21.411 26.398 30.900 33.552 33.483 32.285 30.503 28.307 24.741 20.663 15.398 10.528 5.500 0.192 -5.312 -10.907 -17.046 -25.198 -32.947 -40.428 -47.904 -54.605 -59.966 -62.971 -65.561 -68.469 -70.633 -70.121 -69.038 -67.246 -65.056 -63.187 -60.069 -56.559 -53.551 -50.160 -46.429 -43.502 -40.969 -40.095 -40.883 -41.596 -42.394 -43.348 -44.384 -44.881 -45.069 -44.479 -42.308 -38.932 -35.094 -29.518 -23.654 -19.423 -17.032 -15.777 -14.790 -11.318 -8.077 -4.606 -0.924 2.890 6.452 10.118 13.879 17.745 21.734
 -28.789 -32.172 -35.357 -38.303 -40.972 -43.325 -45.331 -46.965 -48.211 -49.059 -49.668 -51.422 -52.972 -54.747 -55.920 -56.551 -56.167 -54.597 -52.535 -50.019 -47.037 -43.527 -39.416 -35.071 -30.078 -24.835 -20.990 -16.693 -12.029 -6.890 0.728 6.925 12.852 18.823 24.552 29.324 32.333 32.914 32.670 30.869 27.712 24.072 19.881 15.109 9.222 3.697 -1.814 -7.502 -13.248 -18.982 -27.138 -34.535 -41.991 -49.328 -56.087 -61.987 -64.809 -66.773 -69.135 -70.541 -70.496 -69.485 -67.776 -65.003 -62.697 -60.081 -56.392 -52.291 -48.588 -45.378 -42.785 -40.080 -39.745 -39.683 -39.547 -39.365 -40.820 -41.638 -42.013 -41.829 -40.146 -37.296 -34.015 -30.264 -25.186 -19.178 -15.109 -11.871 -8.954 -8.373 -5.324 -1.881 1.754 5.548 9.361 12.887 16.394 19.791 22.829 24.388
 -30.628 -34.169 -37.519 -40.633 -43.460 -45.956 -48.082 -49.811 -51.128 -52.020 -53.391 -55.496 -57.845 -59.735 -61.132 -61.486 -60.428 -59.881 -58.894 -56.529 -53.717 -50.372 -46.569 -42.290 -37.206 -31.591 -26.702 -22.183 -17.298 -11.111 -3.295 3.154 9.306 15.407 21.181 26.600 30.773 32.302 31.625 30.011 27.233 23.611 19.326 14.334 8.698 2.225 -3.781 -9.696 -15.630 -21.468 -28.983 -36.112 -43.538 -50.695 -57.415 -63.001 -66.282 -67.817 -69.255 -70.275 -70.241 -69.311 -67.664 -64.885 -61.550 -58.831 -56.023 -52.249 -48.246 -44.635 -42.230 -40.600 -39.703 -38.816 -38.409 -38.145 -38.634 -39.079 -39.270 -37.584 -35.053 -32.134 -28.908 -24.836 -19.773 -14.950 -11.331 -7.838 -5.003 -3.421 0.108 3.844 7.593 11.445 15.159 18.527 21.670 24.401 26.387 27.039
 -32.233 -35.943 -39.476 -42.777 -45.784 -48.437 -50.691 -52.519 -53.910 -54.852 -57.052 -60.011 -62.385 -64.273 -65.516 -65.472 -65.850 -65.438 -64.689 -62.682 -60.090 -56.990 -53.606 -49.409 -44.341 -38.477 -32.303 -27.522 -22.395 -15.324 -7.269 -0.112 5.728 11.973 18.125 23.326 27.725 30.449 29.746 28.337 26.517 23.226 18.902 13.668 7.652 1.165 -5.756 -11.928 -18.072 -24.083 -30.750 -37.776 -45.109 -52.058 -58.544 -63.933 -67.474 -68.581 -69.113 -69.831 -69.678 -68.726 -67.017 -64.326 -60.978 -57.524 -54.569 -51.948 -48.299 -44.722 -42.689 -41.049 -39.636 -38.311 -37.433 -36.627 -36.580 -36.332 -34.669 -32.545 -30.001 -27.040 -23.681 -19.310 -14.247 -10.101 -6.997 -4.713 -2.638 -0.641 3.366 8.576 12.832 16.774 20.342 23.520 26.257 28.331 29.527 29.631
 -33.564 -37.450 -41.182 -44.694 -47.906 -50.734 -53.119 -55.044 -56.511 -57.513 -61.104 -64.173 -66.547 -68.315 -69.139 -69.911 -70.329 -70.296 -69.812 -68.343 -66.011 -63.357 -60.418 -56.461 -51.316 -45.076 -38.139 -32.608 -27.231 -19.461 -11.174 -3.182 2.944 8.783 15.075 20.130 24.135 26.773 27.130 26.540 25.005 22.903 18.640 13.086 6.559 -0.474 -7.674 -14.241 -20.591 -26.777 -32.861 -39.633 -46.736 -53.466 -59.543 -64.639 -68.421 -69.118 -69.093 -69.187 -68.872 -67.836 -66.012 -63.633 -60.700 -57.193 -53.486 -49.794 -47.320 -45.407 -43.209 -41.312 -39.426 -37.785 -36.097 -34.327 -33.006 -31.511 -29.669 -27.471 -24.887 -21.912 -18.555 -13.862 -9.082 -5.255 -3.245 -1.798 -0.165 1.731 4.495 10.213 15.899 21.224 24.969 28.016 30.416 31.898 32.438 32.083
 -34.571 -38.634 -42.576 -46.329 -49.783 -52.806 -55.310 -57.310 -58.854 -60.787 -64.740 -67.938 -70.281 -72.000 -73.079 -73.762 -74.132 -74.239 -73.857 -73.044 -71.072 -69.065 -66.774 -63.516 -58.226 -51.614 -44.372 -37.888 -32.226 -23.832 -15.157 -6.582 -0.120 6.014 12.055 16.683 20.045 22.979 23.487 23.872 23.244 21.650 18.569 12.434 5.198 -2.620 -10.923 -19.046 -25.424 -31.428 -37.407 -42.935 -49.403 -55.298 -60.557 -65.208 -69.005 -69.405 -69.068 -68.310 -67.828 -66.679 -65.210 -62.947 -60.079 -56.720 -53.426 -50.172 -46.882 -44.716 -42.452 -39.799 -37.048 -35.508 -32.949 -30.756 -28.597 -26.534 -24.608 -22.341 -19.709 -16.706 -13.334 -8.506 -4.891 -2.349 -0.620 1.014 2.782 4.735 6.774 10.924 16.403 21.837 26.675 30.990 33.782 34.990 35.030 34.194
 -35.199 -39.421 -43.573 -47.593 -51.348 -54.601 -57.178 -59.194 -61.210 -63.674 -67.891 -71.263 -73.868 -75.483 -76.377 -76.916 -77.198 -77.275 -77.101 -76.532 -74.979 -73.455 -72.184 -70.591 -64.030 -57.023 -49.559 -42.358 -36.533 -27.884 -19.061 -10.231 -3.467 2.760 8.959 12.562 16.028 19.029 19.585 20.053 20.445 19.608 18.309 10.953 2.072 -6.307 -14.307 -22.186 -29.699 -35.437 -40.728 -45.261 -51.139 -57.194 -61.634 -65.214 -69.035 -69.342 -68.774 -67.596 -66.607 -65.907 -64.283 -61.948 -59.745 -57.190 -54.239 -50.957 -48.184 -45.149 -41.867 -38.552 -34.560 -32.863 -29.739 -26.599 -23.995 -21.840 -19.465 -17.141 -14.463 -11.425 -8.410 -5.239 -2.595 -0.276 1.620 3.401 5.357 7.485 9.778 12.006 17.250 22.174 26.707 30.803 34.281 34.354 33.757 32.139
 -35.389 -39.729 -44.051 -48.328 -52.467 -56.063 -58.556 -60.472 -63.271 -65.995 -70.455 -74.106 -77.150 -78.264 -78.888 -79.244 -79.419 -79.443 -79.316 -78.889 -78.170 -77.167 -75.668 -72.894 -67.793 -61.235 -53.877 -46.247 -40.325 -31.658 -22.730 -13.822 -6.657 -0.378 4.961 8.174 11.811 14.920 15.400 15.748 15.927 15.718 12.641 6.792 -0.991 -9.019 -17.053 -24.983 -32.729 -39.278 -45.017 -49.745 -53.577 -59.404 -62.176 -64.949 -67.261 -67.915 -68.199 -67.144 -66.118 -65.646 -64.249 -62.337 -60.237 -57.719 -54.732 -52.068 -49.258 -46.213 -42.944 -38.743 -34.008 -30.283 -26.455 -22.471 -19.563 -17.189 -14.929 -12.546 -10.346 -7.933 -5.680 -3.153 -0.406 1.642 3.676 5.551 7.596 9.806 12.176 14.619 17.340 21.987 26.407 30.212 32.641 33.483 32.872 30.472
 -35.251 -39.687 -44.122 -48.558 -52.994 -57.432 -59.254 -61.509 -64.574 -66.840 -70.917 -75.439 -77.147 -77.491 -77.709 -77.935 -77.986 -77.767 -77.677 -78.075 -78.763 -78.158 -76.808 -74.224 -70.242 -64.513 -57.403 -49.557 -43.572 -35.112 -26.120 -17.246 -9.904 -3.657 1.086 4.271 7.433 10.314 11.007 11.094 10.866 10.471 7.647 2.562 -4.348 -12.143 -20.070 -27.945 -35.635 -42.661 -48.266 -53.372 -56.804 -59.882 -63.078 -65.637 -67.507 -66.787 -67.325 -68.104 -67.436 -66.038 -64.487 -62.483 -60.379 -57.902 -55.524 -52.915 -50.084 -47.038 -43.586 -38.785 -33.470 -29.227 -25.183 -21.281 -17.623 -14.970 -12.523 -10.033 -7.340 -5.032 -3.668 -1.163 1.419 3.404 5.545 7.494 9.600 11.859 14.261 16.797 18.975 21.012 25.222 29.050 30.605 31.336 30.517 28.271
 -34.743 -39.140 -43.520 -47.859 -52.069 -55.756 -57.716 -59.763 -62.161 -64.649 -68.979 -75.527 -75.548 -75.440 -75.435 -74.726 -74.281 -74.024 -74.351 -74.999 -75.911 -76.458 -75.797 -74.029 -70.893 -66.462 -60.269 -52.301 -46.255 -38.210 -29.192 -20.424 -13.106 -7.237 -2.588 0.603 3.510 5.560 6.157 6.335 6.484 5.467 3.084 -1.715 -7.839 -15.429 -23.220 -30.994 -38.572 -45.811 -51.170 -55.703 -58.899 -61.854 -63.755 -65.824 -67.125 -66.303 -66.298 -67.074 -67.557 -66.702 -64.297 -62.287 -60.432 -58.504 -56.113 -53.479 -50.511 -47.155 -42.828 -38.034 -32.697 -28.526 -23.814 -19.999 -16.161 -12.858 -10.196 -7.525 -4.969 -3.263 -1.655 0.736 2.947 5.013 7.229 9.232 11.375 13.651 16.045 18.497 20.516 22.394 24.163 26.056 27.851 28.095 27.194 26.255
 -33.744 -38.027 -42.250 -46.357 -49.628 -51.716 -53.406 -56.014 -58.480 -60.890 -65.092 -69.777 -71.417 -71.644 -70.911 -70.272 -69.768 -69.816 -70.375 -71.151 -72.507 -73.789 -73.923 -73.050 -71.468 -68.380 -62.315 -55.665 -49.653 -42.095 -32.893 -24.059 -16.775 -10.833 -6.020 -2.780 -0.048 0.914 1.309 2.277 2.743 0.882 -1.656 -5.643 -11.292 -18.655 -26.351 -34.043 -41.507 -48.457 -53.752 -57.846 -60.900 -63.483 -65.226 -66.252 -66.111 -65.658 -65.021 -65.543 -66.082 -65.868 -64.412 -62.313 -60.479 -58.379 -55.847 -52.977 -49.876 -46.209 -41.701 -36.785 -31.723 -27.624 -22.603 -18.629 -14.808 -11.262 -8.026 -5.493 -3.685 -1.884 0.062 2.358 4.349 6.480 8.740 10.778 12.937 15.205 17.560 19.704 21.674 23.348 24.824 25.896 25.944 25.065 24.019 23.416
 -32.295 -36.415 -40.166 -42.833 -44.944 -46.774 -48.777 -51.373 -53.749 -55.905 -59.619 -63.518 -65.627 -65.670 -65.263 -64.911 -64.826 -65.775 -66.767 -67.766 -69.266 -70.684 -71.748 -71.284 -69.914 -67.397 -62.924 -56.896 -52.325 -45.829 -36.635 -28.027 -21.478 -15.695 -10.233 -6.440 -3.399 -3.269 -2.560 -1.175 -1.234 -3.204 -5.844 -9.133 -14.738 -21.651 -29.317 -36.995 -44.270 -50.914 -56.206 -59.849 -62.801 -65.129 -66.628 -67.494 -65.984 -64.711 -63.994 -63.794 -64.097 -63.842 -63.215 -61.680 -59.402 -57.318 -54.858 -52.011 -48.922 -44.697 -40.260 -35.243 -30.537 -26.508 -21.661 -17.162 -13.401 -9.868 -7.231 -4.650 -2.585 -0.484 1.541 3.059 5.440 7.818 10.092 12.150 14.310 16.554 18.685 20.666 22.566 24.067 25.352 25.837 25.626 25.079 24.295 24.157
 -30.448 -33.864 -36.136 -38.109 -39.912 -41.482 -43.630 -46.083 -48.277 -50.720 -54.070 -56.782 -58.342 -58.982 -59.206 -59.688 -60.541 -61.623 -62.729 -63.851 -65.420 -66.946 -68.279 -68.846 -67.902 -65.659 -62.042 -57.742 -53.259 -47.865 -39.986 -31.658 -25.831 -20.257 -14.768 -10.462 -8.318 -7.620 -5.881 -4.356 -5.004 -6.750 -9.445 -12.667 -17.701 -24.265 -31.926 -39.510 -46.801 -53.325 -58.475 -61.604 -64.207 -66.686 -67.880 -67.761 -66.390 -64.687 -62.917 -61.767 -61.864 -61.621 -61.062 -60.537 -58.488 -55.923 -53.541 -50.730 -47.017 -42.862 -38.478 -33.401 -29.126 -25.164 -20.527 -15.576 -12.346 -9.755 -7.302 -4.646 -1.885 0.654 2.701 3.983 6.038 8.554 11.094 13.370 15.521 17.624 19.544 21.452 23.283 24.661 25.317 25.556 25.448 25.001 24.780 24.762
 -27.715 -29.729 -31.480 -33.121 -34.610 -35.904 -38.084 -40.350 -42.362 -45.127 -48.383 -49.614 -50.951 -52.496 -53.538 -54.267 -55.516 -56.731 -57.956 -59.219 -61.021 -62.783 -64.327 -65.558 -65.557 -63.872 -60.766 -57.393 -53.980 -48.825 -42.220 -35.131 -29.849 -24.535 -19.278 -14.134 -13.145 -11.390 -9.800 -8.044 -8.334 -9.788 -12.436 -15.610 -20.082 -26.191 -33.738 -41.483 -49.071 -55.633 -60.342 -62.821 -65.127 -67.970 -68.781 -67.743 -66.337 -64.628 -62.658 -60.581 -59.978 -59.210 -58.719 -58.300 -57.395 -54.778 -51.899 -48.649 -44.781 -40.699 -36.258 -31.257 -27.483 -23.579 -19.734 -15.400 -12.295 -9.895 -7.262 -4.553 -1.769 1.070 3.086 4.827 6.545 9.075 11.569 13.888 16.163 18.246 20.265 22.116 23.887 24.612 25.110 25.332 25.250 24.933 25.207 25.276
 -23.786 -25.343 -26.812 -28.162 -29.361 -30.379 -32.490 -34.524 -36.318 -39.282 -42.428 -43.281 -44.314 -45.966 -47.343 -48.489 -49.880 -51.205 -52.525 -53.908 -55.938 -58.073 -60.130 -61.799 -62.849 -62.143 -59.373 -56.843 -53.557 -49.097 -42.904 -37.855 -33.407 -28.588 -23.550 -19.516 -17.004 -14.919 -13.321 -11.811 -12.203 -12.975 -14.749 -17.698 -21.525 -27.309 -34.739 -42.479 -50.483 -57.655 -61.108 -63.064 -65.179 -67.610 -68.145 -67.167 -65.807 -64.136 -62.172 -59.658 -59.006 -58.269 -57.355 -56.603 -55.728 -53.633 -50.341 -46.198 -42.192 -38.399 -34.156 -30.033 -26.761 -23.402 -19.823 -15.492 -11.963 -9.387 -6.970 -4.335 -1.582 0.596 2.624 4.713 6.856 9.417 11.933 14.129 16.187 18.247 20.351 22.060 23.384 24.196 24.766 25.050 25.028 25.282 25.316 25.001
 -19.491 -20.786 -21.979 -23.044 -23.957 -24.697 -26.657 -28.449 -30.025 -33.090 -36.976 -37.693 -37.878 -39.100 -40.576 -42.257 -43.763 -45.171 -46.535 -47.963 -50.161 -52.731 -55.420 -57.865 -59.691 -60.338 -58.574 -56.386 -52.865 -48.464 -42.431 -39.936 -36.424 -32.253 -28.095 -25.048 -20.907 -18.179 -16.472 -15.128 -15.332 -15.933 -17.060 -18.991 -22.313 -27.704 -34.784 -42.049 -49.183 -55.352 -59.902 -62.117 -64.439 -66.304 -66.654 -66.082 -64.822 -63.225 -61.098 -58.760 -58.026 -57.206 -56.393 -55.721 -54.964 -53.461 -49.811 -45.767 -41.623 -37.391 -32.919 -29.575 -26.384 -23.042 -19.595 -15.363 -11.492 -8.901 -6.570 -4.029 -1.809 0.134 2.157 4.250 6.401 8.600 11.033 13.559 16.041 18.016 19.666 21.164 22.426 23.161 23.606 23.715 23.717 23.998 23.984 23.720
 -15.071 -16.109 -17.031 -17.818 -18.452 -18.915 -20.647 -22.191 -23.675 -27.656 -31.480 -31.988 -32.409 -32.940 -34.521 -36.771 -38.712 -40.252 -41.575 -42.756 -44.670 -47.423 -50.346 -53.304 -56.065 -58.240 -57.843 -55.883 -52.285 -48.065 -44.207 -41.266 -38.894 -35.435 -32.975 -29.723 -24.948 -21.328 -19.057 -17.905 -17.851 -18.300 -19.088 -20.721 -22.634 -27.457 -34.025 -40.625 -46.987 -52.716 -57.566 -60.259 -62.755 -63.581 -64.408 -64.575 -63.418 -61.741 -59.633 -57.685 -57.043 -56.246 -55.311 -54.656 -53.653 -52.129 -48.963 -45.021 -40.979 -36.846 -32.546 -29.072 -25.535 -22.194 -18.836 -14.950 -10.915 -8.406 -6.154 -4.047 -2.239 -0.299 1.751 3.894 6.076 8.133 9.766 11.730 13.770 15.704 17.505 19.093 20.323 21.098 21.590 21.738 22.350 22.625 22.618 22.381
 -10.571 -11.358 -12.018 -12.535 -12.894 -13.084 -14.512 -15.985 -18.090 -21.961 -26.019 -27.188 -28.009 -28.664 -29.170 -31.138 -33.379 -35.156 -36.562 -37.677 -38.904 -42.654 -46.007 -48.912 -51.252 -53.274 -55.933 -54.023 -51.291 -47.475 -44.435 -42.336 -40.190 -39.187 -37.263 -34.017 -29.266 -24.926 -22.217 -20.504 -19.944 -20.168 -20.608 -21.913 -23.368 -26.789 -32.485 -38.340 -44.017 -49.366 -54.184 -56.736 -58.663 -60.284 -61.383 -61.701 -61.256 -59.647 -57.787 -56.434 -55.895 -55.212 -54.399 -53.131 -51.685 -50.291 -47.801 -43.966 -40.030 -36.000 -32.489 -29.072 -25.586 -22.021 -18.367 -14.549 -10.083 -7.299 -5.151 -3.376 -1.534 0.352 2.251 3.973 5.668 7.216 8.479 9.678 11.259 13.056 14.859 16.514 17.818 18.758 19.414 20.322 20.959 21.220 21.202 20.966
 -6.029 -6.575 -6.983 -7.239 -7.332 -7.254 -8.433 -10.494 -12.382 -16.858 -21.206 -22.634 -23.507 -24.283 -24.967 -26.275 -27.732 -29.930 -31.669 -33.175 -35.275 -38.286 -41.418 -44.157 -46.225 -48.790 -50.050 -49.913 -48.800 -45.967 -43.720 -43.199 -42.263 -41.166 -40.210 -37.660 -33.473 -29.002 -25.543 -23.257 -21.613 -21.572 -21.559 -22.311 -23.220 -26.215 -30.496 -35.615 -40.736 -45.731 -49.260 -51.446 -54.184 -56.766 -57.938 -58.134 -57.701 -56.746 -55.072 -54.687 -54.459 -54.005 -52.655 -51.212 -49.913 -48.502 -46.411 -42.607 -38.781 -35.495 -32.222 -28.870 -25.443 -21.876 -17.948 -13.937 -9.666 -7.339 -5.673 -3.923 -2.182 -0.459 1.278 3.009 4.717 6.159 7.440 8.657 9.801 10.985 12.500 13.846 15.031 16.048 17.351 18.523 19.081 19.252 19.201 18.974
 -1.484 -1.801 -1.968 -1.975 -1.811 -1.471 -3.124 -5.138 -7.749 -11.890 -16.106 -17.998 -18.917 -19.816 -20.691 -22.216 -23.715 -25.159 -26.734 -28.741 -31.077 -33.850 -36.601 -38.972 -41.621 -44.192 -45.349 -44.919 -44.057 -43.655 -43.484 -43.814 -43.735 -42.678 -41.741 -39.159 -36.412 -33.082 -28.928 -26.210 -23.722 -22.142 -21.749 -22.136 -22.783 -25.464 -29.182 -32.793 -36.512 -39.865 -42.728 -45.564 -49.079 -53.255 -53.738 -53.737 -53.472 -52.962 -52.539 -52.580 -52.150 -51.328 -50.375 -49.201 -47.972 -46.706 -45.041 -41.309 -37.810 -35.119 -31.840 -28.473 -24.690 -20.869 -16.999 -13.063 -9.814 -8.046 -6.494 -4.872 -3.189 -1.464 0.280 2.023 3.715 5.066 6.361 7.590 8.744 9.814 10.793 11.681 12.529 13.666 15.269 16.760 17.019 17.123 17.074 16.879
 3.030 2.930 2.988 3.216 3.623 3.370 1.990 -0.637 -3.046 -6.710 -10.746 -13.291 -14.248 -15.279 -16.359 -18.064 -19.866 -21.648 -23.421 -25.228 -27.159 -29.407 -31.164 -32.697 -35.130 -37.131 -38.473 -39.060 -38.955 -40.589 -41.637 -42.380 -43.188 -42.185 -41.128 -38.340 -35.691 -33.197 -30.113 -27.166 -25.424 -22.801 -21.636 -21.567 -21.819 -23.848 -26.434 -28.674 -30.821 -33.532 -35.574 -39.019 -42.974 -46.641 -48.514 -49.325 -49.612 -49.521 -50.461 -50.667 -50.140 -49.411 -48.497 -47.410 -46.245 -44.924 -43.376 -39.931 -37.374 -34.768 -31.284 -27.597 -23.880 -20.125 -16.337 -13.145 -10.304 -9.056 -7.529 -5.917 -4.232 -2.497 -0.737 1.022 2.579 3.945 5.251 6.486 7.640 8.705 9.676 10.329 11.305 12.345 13.243 14.000 14.549 14.815 14.964 15.035
 6.491 7.582 7.848 8.293 8.401 8.073 6.289 3.860 1.665 -1.380 -5.170 -8.525 -9.520 -10.700 -11.994 -13.834 -15.939 -18.045 -20.127 -22.180 -24.269 -24.932 -26.159 -28.321 -30.333 -32.034 -33.295 -34.057 -34.713 -35.050 -35.616 -37.636 -40.259 -40.249 -39.767 -37.259 -34.672 -32.060 -29.110 -26.004 -23.327 -21.018 -19.380 -18.623 -18.594 -20.587 -22.793 -24.639 -26.063 -27.656 -28.280 -33.146 -37.507 -41.119 -43.508 -44.904 -45.366 -46.349 -47.190 -47.742 -48.033 -47.475 -46.722 -45.791 -44.698 -43.649 -42.467 -39.669 -36.776 -33.694 -30.147 -26.534 -22.891 -19.546 -16.418 -13.426 -10.745 -9.944 -8.611 -7.005 -5.309 -3.550 -1.764 -0.004 1.429 2.810 4.122 5.355 6.500 7.549 8.406 9.590 10.669 11.618 12.383 12.872 13.042 13.452 13.704 13.852
 8.608 11.148 12.579 13.115 12.756 11.768 10.536 8.289 6.297 3.993 0.532 -2.921 -4.790 -6.141 -7.638 -9.556 -11.961 -14.379 -16.736 -18.684 -18.748 -20.213 -22.240 -24.042 -25.696 -27.149 -28.335 -28.615 -29.332 -29.527 -29.491 -31.792 -34.653 -37.288 -37.222 -35.029 -32.594 -30.268 -27.907 -24.814 -21.990 -18.808 -16.767 -15.389 -16.063 -17.635 -19.366 -20.975 -22.298 -23.460 -25.603 -28.835 -32.707 -35.957 -38.166 -39.519 -41.374 -42.779 -43.819 -44.546 -44.996 -45.194 -44.846 -44.065 -43.117 -42.335 -42.090 -39.621 -36.252 -32.812 -28.865 -25.476 -22.441 -19.403 -16.349 -13.593 -11.230 -10.546 -9.721 -8.133 -6.408 -4.610 -2.786 -1.174 0.283 1.675 2.988 4.211 5.338 6.607 7.836 8.961 9.967 10.826 11.499 11.940 12.126 12.084 12.375 12.605
 10.522 13.305 15.585 16.842 16.594 15.331 14.324 12.582 10.750 9.182 6.085 3.185 -0.302 -1.726 -3.339 -5.518 -8.524 -11.482 -14.259 -14.683 -15.351 -16.323 -17.513 -18.686 -19.793 -20.675 -20.617 -21.442 -22.613 -22.756 -23.101 -25.824 -29.054 -32.234 -34.319 -32.058 -29.651 -27.386 -25.269 -22.739 -20.070 -17.000 -14.722 -12.822 -13.699 -15.597 -16.833 -18.214 -19.721 -20.492 -21.874 -24.354 -27.507 -30.357 -33.118 -35.623 -37.629 -39.203 -40.408 -41.289 -41.884 -42.218 -42.313 -42.186 -42.071 -41.991 -41.311 -38.444 -35.484 -32.351 -28.978 -25.413 -22.045 -19.082 -16.226 -13.628 -11.769 -11.159 -10.363 -9.293 -7.512 -5.650 -3.861 -2.319 -0.840 0.558 1.865 3.134 4.746 6.068 7.243 8.305 9.239 10.022 10.630 11.038 11.237 11.240 11.075 11.323
 12.224 15.062 17.671 18.571 18.574 18.360 17.807 17.286 16.017 14.869 12.732 9.665 6.275 3.380 1.056 -1.907 -5.669 -8.919 -10.387 -10.907 -11.354 -11.840 -12.649 -13.421 -14.188 -14.020 -14.138 -14.797 -14.773 -15.251 -15.887 -18.021 -22.280 -26.635 -29.050 -28.861 -26.536 -24.347 -22.301 -20.132 -17.502 -14.497 -12.293 -10.913 -11.544 -13.014 -15.127 -16.064 -16.795 -17.201 -17.891 -19.966 -23.301 -26.533 -29.432 -31.920 -33.991 -35.671 -36.998 -38.006 -38.725 -39.179 -39.749 -40.478 -41.056 -41.446 -40.177 -37.524 -35.016 -32.431 -29.186 -25.657 -22.107 -18.563 -15.990 -13.494 -12.256 -11.766 -11.030 -9.953 -8.583 -6.631 -4.988 -3.409 -1.916 -0.437 1.286 2.930 4.304 5.531 6.648 7.645 8.512 9.231 9.787 10.167 10.366 10.394 10.268 10.028
 13.705 16.579 18.691 19.885 19.547 20.122 20.773 21.417 20.915 20.166 19.051 15.759 12.058 8.566 5.229 1.546 -2.071 -5.853 -7.203 -7.564 -7.745 -7.776 -8.095 -8.434 -8.085 -7.489 -7.882 -7.783 -7.966 -8.334 -8.958 -10.599 -15.010 -19.439 -22.406 -24.791 -23.274 -21.173 -19.217 -17.399 -14.811 -12.202 -9.829 -9.469 -10.505 -12.264 -14.079 -15.258 -15.754 -16.255 -16.867 -18.028 -20.897 -23.685 -26.262 -28.556 -30.542 -32.223 -33.615 -34.739 -36.097 -37.339 -38.439 -39.410 -40.262 -40.385 -39.132 -36.844 -34.485 -31.985 -29.187 -25.686 -22.166 -18.775 -15.612 -13.214 -12.611 -12.308 -11.720 -10.492 -8.986 -7.687 -6.010 -4.102 -2.263 -0.502 1.177 2.561 3.840 5.010 6.065 6.998 7.801 8.462 8.973 9.325 9.517 9.557 9.455 9.227
 14.962 17.747 19.413 20.850 21.705 22.374 23.042 23.682 23.857 23.079 21.504 18.718 15.088 11.548 9.703 4.990 0.617 -1.951 -3.300 -4.438 -4.624 -4.270 -3.944 -3.614 -2.198 -1.361 -0.739 -0.695 -1.134 -1.849 -2.689 -3.684 -7.653 -12.325 -15.326 -18.501 -19.068 -17.876 -16.003 -14.258 -12.185 -9.662 -7.919 -8.278 -10.021 -11.831 -13.711 -15.495 -15.709 -15.838 -16.094 -16.465 -18.956 -21.543 -24.042 -26.397 -28.574 -30.562 -32.362 -33.982 -35.433 -36.728 -37.879 -38.897 -39.493 -39.375 -37.599 -35.356 -33.033 -30.643 -28.254 -25.168 -21.815 -18.763 -15.672 -12.983 -12.668 -12.446 -12.248 -10.375 -8.716 -7.191 -5.718 -4.001 -2.201 -0.578 0.861 2.190 3.409 4.516 5.505 6.374 7.114 7.721 8.187 8.510 8.689 8.730 8.642 8.436
 15.996 18.276 20.375 22.259 23.718 24.420 25.088 25.710 26.208 25.012 23.302 21.380 17.645 14.871 11.495 7.793 3.444 1.541 0.195 -0.885 -1.596 -1.225 -0.060 1.775 3.591 5.238 6.198 6.108 5.283 4.187 3.044 1.987 -0.309 -5.077 -8.243 -11.702 -13.519 -12.920 -12.327 -10.869 -9.296 -6.932 -6.588 -8.016 -9.639 -11.498 -13.450 -14.999 -16.069 -16.177 -16.372 -16.641 -18.505 -20.978 -23.385 -25.679 -27.829 -29.817 -31.636 -33.287 -34.776 -36.110 -37.298 -38.313 -38.470 -38.013 -35.905 -33.698 -31.404 -29.035 -26.602 -23.739 -20.628 -17.549 -14.462 -12.456 -11.334 -10.951 -10.250 -9.042 -7.624 -6.172 -4.752 -3.459 -2.253 -0.768 0.606 1.868 3.018 4.054 4.975 5.776 6.455 7.007 7.429 7.720 7.881 7.917 7.833 7.640
 16.811 18.941 21.826 23.468 24.922 26.269 26.933 27.531 27.247 26.780 24.943 22.831 21.228 18.185 14.475 10.014 5.887 4.613 3.944 3.337 2.971 2.889 3.903 6.381 8.824 11.310 12.930 12.410 10.984 9.518 8.159 7.261 5.840 1.873 -1.381 -4.868 -7.926 -7.510 -7.442 -7.772 -6.376 -5.249 -6.436 -7.940 -9.527 -11.252 -12.931 -14.534 -16.210 -16.418 -16.562 -16.754 -18.040 -20.432 -22.770 -25.015 -27.139 -29.120 -30.948 -32.617 -34.129 -35.488 -36.701 -37.342 -37.385 -36.133 -34.064 -31.885 -29.610 -27.252 -24.820 -22.316 -19.502 -16.278 -13.288 -11.739 -10.392 -9.137 -8.466 -7.522 -6.354 -5.113 -3.886 -2.712 -1.609 -0.585 0.415 1.598 2.669 3.628 4.474 5.206 5.821 6.318 6.695 6.952 7.091 7.115 7.030 6.842
 17.310 20.112 22.999 24.484 25.924 27.348 28.595 28.544 28.160 27.588 26.525 25.386 24.182 21.727 17.844 13.160 8.145 6.956 6.673 6.876 6.968 6.582 6.925 9.887 12.794 15.954 19.456 17.293 15.441 13.857 12.644 11.889 10.995 7.820 5.210 1.673 -2.210 -2.260 -2.800 -3.565 -4.313 -4.941 -6.409 -7.964 -9.598 -11.088 -12.455 -14.097 -15.799 -16.563 -16.664 -16.799 -17.651 -19.884 -22.174 -24.383 -26.485 -28.459 -30.290 -31.969 -33.495 -34.868 -36.036 -36.326 -36.037 -34.129 -32.088 -29.929 -27.664 -25.307 -23.016 -20.823 -18.075 -15.031 -12.574 -11.148 -9.640 -8.218 -7.123 -6.228 -5.179 -4.059 -2.936 -1.853 -0.834 0.111 0.976 1.762 2.471 3.235 4.002 4.661 5.211 5.651 5.982 6.202 6.315 6.323 6.230 6.042
 18.170 21.026 23.897 25.312 26.731 28.140 29.128 29.421 28.994 28.348 28.207 28.177 26.875 24.940 21.706 17.078 11.620 8.654 9.252 9.628 9.390 9.128 9.883 12.080 15.172 17.917 19.776 19.487 18.289 17.051 16.327 15.793 15.205 13.344 11.114 7.984 3.837 2.375 1.717 -0.045 -2.716 -4.971 -6.496 -8.097 -9.549 -10.906 -12.314 -13.777 -15.410 -16.611 -16.676 -16.770 -17.464 -19.320 -21.579 -23.766 -25.855 -27.825 -29.657 -31.342 -32.873 -34.250 -35.100 -35.237 -33.893 -32.014 -29.993 -27.845 -25.582 -23.366 -21.210 -18.979 -16.403 -13.808 -12.020 -10.547 -9.105 -7.553 -5.863 -4.933 -3.953 -2.924 -1.896 -0.907 0.019 0.872 1.648 2.347 2.972 3.526 4.012 4.432 4.786 5.076 5.302 5.465 5.567 5.611 5.599 5.536
 18.858 21.689 24.527 25.958 27.347 28.740 29.185 29.558 29.768 29.384 30.083 30.295 29.720 27.813 25.285 21.724 16.478 13.591 11.756 11.265 10.883 10.565 11.816 13.300 16.111 18.469 19.891 20.247 19.863 19.331 19.129 18.946 18.671 17.858 16.270 13.507 9.613 7.480 4.977 1.926 -1.649 -4.875 -6.734 -8.051 -9.402 -10.792 -12.225 -13.708 -15.244 -16.580 -16.597 -16.662 -17.183 -18.728 -20.973 -23.152 -25.239 -27.210 -29.046 -30.733 -32.264 -33.636 -34.104 -33.355 -31.662 -29.803 -27.793 -25.646 -23.564 -21.467 -19.278 -17.003 -14.826 -12.906 -11.600 -10.108 -8.540 -6.880 -5.119 -3.657 -2.713 -1.747 -0.799 0.100 0.931 1.686 2.363 2.966 3.500 3.969 4.377 4.725 5.016 5.251 5.429 5.553 5.623 5.642 5.612 5.536
 19.319 22.111 24.902 26.432 27.773 28.672 29.118 29.520 29.758 31.029 31.970 32.172 31.769 30.770 28.416 25.751 20.955 16.951 14.761 13.029 11.989 11.428 12.610 13.807 15.864 18.196 19.698 20.455 20.672 20.865 21.054 21.135 20.927 20.808 20.553 18.231 15.209 11.524 6.752 2.985 -0.872 -3.994 -6.634 -7.977 -9.347 -10.750 -12.193 -13.680 -15.217 -16.742 -16.599 -16.497 -16.801 -18.102 -20.347 -22.532 -24.629 -26.609 -28.452 -30.142 -31.668 -32.893 -32.512 -31.031 -29.357 -27.507 -25.508 -23.608 -21.590 -19.464 -17.238 -15.053 -13.237 -12.480 -11.255 -9.647 -7.967 -6.210 -4.377 -2.482 -1.475 -0.550 0.334 1.150 1.884 2.534 3.105 3.605 4.041 4.421 4.747 5.023 5.249 5.428 5.559 5.642 5.680 5.673 5.622 5.531
 19.563 22.309 25.042 26.756 28.022 28.447 28.936 29.412 30.155 32.019 33.417 34.096 33.601 32.120 29.996 26.808 22.549 18.734 17.192 15.269 13.590 12.058 12.837 13.704 14.944 16.968 18.663 19.667 20.304 21.131 21.733 22.156 22.592 22.798 22.964 22.080 18.186 13.389 8.542 3.879 -0.318 -3.220 -6.248 -8.024 -9.389 -10.785 -12.218 -13.694 -15.220 -16.799 -16.646 -16.541 -16.536 -17.538 -19.693 -21.900 -24.019 -26.020 -27.877 -29.570 -31.088 -31.362 -30.120 -28.656 -26.988 -25.278 -23.492 -21.571 -19.526 -17.476 -15.368 -13.531 -12.632 -12.011 -10.896 -9.182 -7.400 -5.552 -3.645 -1.696 -0.253 0.655 1.490 2.227 2.861 3.398 3.855 4.245 4.580 4.867 5.111 5.314 5.476 5.600 5.683 5.727 5.731 5.697 5.626 5.518
 18.977 21.896 24.748 26.875 27.894 28.050 28.675 29.143 30.665 32.514 33.863 34.400 33.905 32.381 29.967 27.033 23.646 19.705 17.490 16.275 15.161 13.532 13.591 13.620 13.832 15.560 17.132 18.663 19.785 21.009 21.920 22.567 23.464 22.986 21.972 20.486 18.570 14.770 10.490 5.661 0.748 -2.964 -5.929 -8.306 -9.529 -10.896 -12.301 -13.750 -15.250 -16.745 -16.585 -16.484 -16.434 -17.157 -19.350 -21.506 -23.586 -25.557 -27.385 -29.048 -29.609 -28.926 -27.705 -26.377 -24.933 -23.329 -21.584 -19.714 -17.731 -15.643 -13.837 -12.676 -12.017 -11.298 -10.412 -8.728 -6.854 -4.919 -2.932 -0.916 0.943 1.856 2.658 3.319 3.844 4.257 4.590 4.865 5.096 5.291 5.454 5.586 5.687 5.757 5.794 5.799 5.772 5.711 5.619 5.495
 17.530 20.390 23.185 25.713 26.462 26.746 27.168 27.635 29.863 31.881 33.546 34.321 33.471 31.680 29.428 26.731 23.444 20.005 16.677 15.769 14.577 13.413 13.674 13.944 13.889 15.016 16.035 17.510 19.136 20.246 20.922 21.658 21.712 20.777 19.334 19.570 18.633 15.822 11.780 6.984 2.289 -1.702 -5.679 -8.932 -10.097 -11.260 -12.478 -13.846 -15.305 -16.576 -16.407 -16.316 -16.296 -16.717 -18.966 -21.183 -23.324 -25.346 -26.959 -27.504 -27.674 -27.019 -25.953 -24.670 -23.198 -21.563 -19.785 -17.881 -15.864 -14.102 -12.836 -12.147 -11.401 -10.596 -9.726 -8.300 -6.343 -4.326 -2.259 -0.163 1.920 3.046 3.835 4.414 4.809 5.082 5.282 5.439 5.568 5.675 5.761 5.826 5.870 5.890 5.885 5.854 5.796 5.711 5.598 5.458
 15.887 18.685 21.422 24.100 24.972 25.240 25.543 26.488 28.675 30.731 32.627 34.336 32.453 30.338 27.973 25.352 22.507 19.509 16.386 13.573 12.761 11.964 12.217 12.698 12.637 13.571 13.717 15.879 17.650 18.938 19.357 20.244 19.909 18.641 18.622 18.350 17.455 15.796 12.590 7.996 3.583 -0.283 -4.156 -8.013 -10.509 -11.925 -13.088 -14.315 -15.616 -16.439 -16.190 -16.062 -16.055 -16.207 -18.542 -20.871 -22.829 -24.192 -25.210 -25.809 -26.095 -25.342 -24.247 -22.925 -21.411 -19.735 -17.920 -16.017 -14.309 -13.092 -12.380 -11.615 -10.795 -9.914 -8.969 -7.776 -5.885 -3.797 -1.653 0.530 2.715 4.206 5.015 5.490 5.717 5.828 5.892 5.938 5.973 6.000 6.018 6.024 6.017 5.992 5.949 5.886 5.800 5.692 5.560 5.405
 14.051 16.777 19.443 22.053 23.341 23.533 23.708 24.986 27.014 28.869 30.401 31.074 30.156 28.340 26.129 23.643 20.936 18.069 15.123 12.224 9.655 9.202 9.391 10.211 10.507 11.756 12.673 13.864 15.264 16.219 17.391 17.648 16.927 17.361 17.424 17.042 16.189 15.167 12.454 8.774 4.678 0.945 -2.812 -6.567 -9.445 -11.131 -12.769 -14.355 -15.894 -16.402 -16.188 -16.004 -15.865 -15.764 -17.503 -19.394 -21.115 -22.519 -23.534 -24.203 -24.504 -23.663 -22.514 -21.132 -19.563 -17.839 -16.090 -14.442 -13.426 -12.696 -11.916 -11.086 -10.201 -9.259 -8.254 -7.081 -5.401 -3.355 -1.153 1.104 3.399 5.277 6.197 6.487 6.485 6.432 6.377 6.329 6.287 6.250 6.211 6.169 6.118 6.056 5.981 5.889 5.779 5.650 5.501 5.333
 12.024 14.667 17.246 19.758 21.179 21.649 21.671 23.143 24.941 26.482 27.579 27.922 27.296 25.885 23.971 21.718 19.212 16.514 13.685 10.824 8.265 6.503 5.703 6.940 7.846 9.485 10.565 11.323 12.261 13.226 14.433 15.240 16.110 16.302 16.182 15.705 14.969 14.365 11.586 8.357 5.579 2.012 -1.629 -5.279 -8.433 -10.012 -11.548 -13.035 -14.473 -14.330 -14.054 -13.860 -13.806 -13.924 -15.449 -17.486 -19.239 -20.707 -21.863 -22.610 -22.902 -21.972 -20.734 -19.271 -17.637 -16.076 -14.523 -13.819 -13.071 -12.279 -11.443 -10.559 -9.625 -8.636 -7.588 -6.432 -4.714 -2.926 -0.795 1.490 3.834 6.010 7.379 7.155 6.971 6.818 6.692 6.586 6.494 6.411 6.332 6.252 6.168 6.076 5.974 5.859 5.729 5.583 5.420 5.239
 10.008 12.363 14.837 17.232 18.480 19.625 19.484 21.032 22.594 23.854 24.669 24.874 24.381 23.255 21.639 19.660 17.408 14.944 12.315 9.557 6.693 5.855 4.919 5.042 6.021 7.528 8.376 8.855 9.966 12.233 13.279 14.208 14.831 15.079 14.881 14.317 13.948 13.412 10.581 7.442 4.982 2.394 -0.587 -4.135 -7.462 -8.940 -10.380 -11.773 -12.545 -12.200 -11.815 -11.551 -11.631 -12.057 -13.585 -15.338 -17.191 -18.842 -20.187 -21.040 -21.278 -20.229 -18.863 -17.386 -15.959 -14.975 -14.247 -13.481 -12.679 -11.839 -10.958 -10.035 -9.065 -8.045 -6.972 -5.830 -4.099 -2.308 -0.458 1.655 3.926 6.063 6.924 7.149 7.077 6.950 6.820 6.698 6.585 6.478 6.374 6.270 6.162 6.049 5.926 5.793 5.648 5.488 5.314 5.124
 8.907 10.071 12.236 14.499 15.628 16.596 17.205 18.734 20.091 21.139 21.779 21.920 21.516 20.597 19.242 17.541 15.575 13.413 11.127 8.831 6.884 5.763 5.049 4.624 6.555 8.508 8.990 9.076 10.779 11.670 12.368 13.005 13.326 13.382 13.223 13.117 12.864 12.312 9.455 6.649 4.260 1.746 -0.869 -3.562 -6.521 -7.909 -9.267 -10.583 -10.481 -10.100 -9.628 -9.063 -9.488 -10.144 -11.612 -13.035 -15.004 -16.831 -18.440 -19.502 -19.561 -18.372 -17.102 -16.155 -15.431 -14.678 -13.897 -13.086 -12.245 -11.370 -10.460 -9.511 -8.520 -7.485 -6.402 -5.271 -3.550 -1.783 0.023 1.852 3.772 5.777 6.468 6.811 6.896 6.859 6.774 6.671 6.562 6.450 6.337 6.220 6.099 5.972 5.837 5.691 5.534 5.364 5.181 4.984
 7.694 8.793 9.849 11.589 12.661 13.459 14.073 16.314 17.505 18.400 18.932 19.045 18.716 17.962 16.832 15.395 13.721 11.887 9.990 8.172 6.657 5.608 4.945 4.533 6.608 9.620 9.185 9.777 10.288 10.708 11.159 11.577 11.640 11.544 11.422 11.523 11.418 10.980 8.217 5.762 3.431 0.980 -1.572 -4.205 -6.905 -7.605 -8.350 -8.710 -8.432 -8.088 -7.715 -7.423 -7.406 -8.158 -9.609 -10.984 -12.592 -14.492 -16.295 -18.079 -17.855 -17.305 -16.574 -15.826 -15.060 -14.272 -13.462 -12.627 -11.764 -10.871 -9.945 -8.984 -7.986 -6.949 -5.873 -4.746 -3.052 -1.328 0.414 2.153 3.850 5.444 6.010 6.388 6.568 6.617 6.591 6.525 6.437 6.335 6.225 6.106 5.981 5.847 5.704 5.551 5.387 5.210 5.021 4.819
